datetime,lat,lon,p,t,s,fchl,fdom,par,ed380,ed412,ed490,chla_adj,bbp,sigma,poc,cphyto
2016-03-23 20:22:28,52.27452366666667,-40.28542733333333,0.3,nan,nan,0.324000002816,0.00033123999674,nan,nan,nan,nan,0.260775864407,nan,nan,nan,nan
2016-03-23 20:22:28,52.27452366666667,-40.28542733333333,0.6,4.943,34.71,0.300000002608,-0.000114659998872,nan,nan,nan,nan,0.260775864407,0.00111037323392,27.4533524256,24.931640692,18.9637716512
2016-03-23 20:22:28,52.27452366666667,-40.28542733333333,0.8,4.943,34.71,0.300000002608,0.000318499996865,197.232100301,11.5148425341,18.5443631407,20.4111424299,0.260775864407,0.0010238954212,27.4533543738,21.8684236096,17.5327901258
2016-03-23 20:22:28,52.27452366666667,-40.28542733333333,1.2,4.945,34.709,0.288000002503,0.00033123999674,1055.2583297,42.342296113,77.5051550552,102.266444153,0.260775864407,0.000850944775593,27.4523350971,15.7421658411,14.6709094788
2016-03-23 20:22:28,52.27452366666667,-40.28542733333333,1.4,4.945,34.709,0.432000003755,0.000299389997053,1055.2583297,42.342296113,77.5051550552,102.266444153,0.260775864407,0.000872564228775,27.4523370462,16.5079701117,15.0286548601
2016-03-23 20:22:28,52.27452366666667,-40.28542733333333,1.6,4.945,34.709,0.312000002712,0.000312129996928,308.817926515,18.4888055554,29.6726225979,32.8849996311,0.260775864407,0.000894183681957,27.4523389953,17.2737743823,15.3864002414
2016-03-23 20:22:28,52.27452366666667,-40.28542733333333,1.8,4.948,34.708,0.408000003546,0.000305759996991,328.196186721,19.8427621288,31.9385563348,35.3272368327,0.260775864407,0.000894190141821,27.4512025187,17.2740032036,15.3865071353
2016-03-23 20:22:28,52.27452366666667,-40.28542733333333,2.0,4.948,34.708,0.300000002608,0.000312129996928,260.718724367,14.4722211448,24.8506851261,29.9694541843,0.260775864407,0.000980667954549,27.4512044689,20.337220286,16.8174886606
2016-03-23 20:22:28,52.27452366666667,-40.28542733333333,2.2,4.948,34.708,0.420000003651,0.000318499996865,255.683613802,16.5335944205,26.9928346013,30.0172308252,0.260775864407,0.000894190141821,27.4512064192,17.2740032036,15.3865071353
2016-03-23 20:22:28,52.27452366666667,-40.28542733333333,2.4,4.948,34.708,0.408000003546,0.000305759996991,222.955731663,12.4148873175,21.2522867057,25.6460633274,0.260775864407,0.000959048501367,27.4512083696,19.5714160154,16.4597432793
2016-03-23 20:22:28,52.27452366666667,-40.28542733333333,2.6,4.946,34.708,0.444000003859,0.000324869996803,129.412095292,7.29942466228,12.8698570627,15.8740878977,0.260775864407,0.00106714280638,27.4514407425,23.4003324877,18.2484211909
2016-03-23 20:22:28,52.27452366666667,-40.28542733333333,2.8,4.946,34.708,0.384000003338,0.000318499996865,165.554251016,10.002551016,16.5064697202,19.0001587676,0.260775864407,0.000980664993656,27.4514426923,20.3371154053,16.8174396655
2016-03-23 20:22:28,52.27452366666667,-40.28542733333333,3.0,4.946,34.708,0.288000002503,0.000312129996928,294.471589749,16.6546031745,29.1793477772,36.2036013418,0.260775864407,0.000937426087292,27.4514446421,18.805506864,16.1019489029
2016-03-23 20:22:28,52.27452366666667,-40.28542733333333,3.2,4.946,34.708,0.456000003964,0.000312129996928,319.006772027,17.2444953579,30.0400742026,37.6643217413,0.260775864407,0.00091580663411,27.451446592,18.0397025934,15.7442035216
2016-03-23 20:22:28,52.27452366666667,-40.28542733333333,3.4,4.947,34.708,0.516000004485,0.000312129996928,260.386392389,15.3232105289,26.2910245078,31.8388305848,0.260775864407,0.000980666474146,27.451333338,20.3371678472,16.8174641638
2016-03-23 20:22:28,52.27452366666667,-40.28542733333333,3.6,4.947,34.708,0.288000002503,0.000363089996426,355.657759128,18.5963935934,33.6215352893,43.6713850062,0.260775864407,0.000980666474146,27.4513352884,20.3371678472,16.8174641638
2016-03-23 20:22:28,52.27452366666667,-40.28542733333333,3.8,4.947,34.708,0.396000003442,0.000337609996677,160.549253831,9.2179315504,16.1465039091,19.8413066381,0.260775864407,0.000959047020964,27.4513372389,19.5713635766,16.4597187824
2016-03-23 20:22:28,52.27452366666667,-40.28542733333333,4.0,4.947,34.708,0.396000003442,0.000318499996865,150.505816427,8.448227303,15.3584260281,20.0683388855,0.260775864407,0.0009158081146,27.4513391894,18.0397550353,15.7442280198
2016-03-23 20:22:28,52.27452366666667,-40.28542733333333,4.2,4.946,34.708,0.324000002816,0.000343979996615,151.424341788,8.62684496492,15.0987707664,18.7457669438,0.260775864407,0.00106714280638,27.4514563426,23.4003324877,18.2484211909
2016-03-23 20:22:28,52.27452366666667,-40.28542733333333,4.4,4.946,34.708,0.396000003442,0.000324869996803,149.410138404,8.54302537887,15.4712997392,20.0681887917,0.260775864407,0.000959045540474,27.4514582929,19.5713111347,16.4596942842
2016-03-23 20:22:28,52.27452366666667,-40.28542733333333,4.6,4.946,34.708,0.372000003234,0.000324869996803,210.045263832,11.5696082701,21.4108472929,28.7904757707,0.260775864407,0.000937426087292,27.4514602432,18.805506864,16.1019489029
2016-03-23 20:22:28,52.27452366666667,-40.28542733333333,4.8,4.946,34.708,0.372000003234,0.000293019997116,154.665695055,8.77690569455,15.7711747341,20.3863131987,0.260775864407,0.00091580663411,27.4514621937,18.0397025934,15.7442035216
2016-03-23 20:22:28,52.27452366666667,-40.28542733333333,5.0,4.946,34.708,0.396000003442,0.000324869996803,197.232100301,11.5148425341,18.5443631407,20.4111424299,0.260775864407,0.000894187180928,27.4514641442,17.2738983228,15.3864581402
2016-03-23 20:22:28,52.27452366666667,-40.28542733333333,5.4,4.946,34.709,0.552000004798,0.000312129996928,167.49573253,9.51886914695,17.3405090069,22.7959843434,0.260775864407,0.000894185162552,27.4522608494,17.2738268279,15.3864247414
2016-03-23 20:22:28,52.27452366666667,-40.28542733333333,5.7,4.946,34.709,0.52800000459,0.000299389997053,167.49573253,9.51886914695,17.3405090069,22.7959843434,0.260775864407,0.00087256570937,27.4522637756,16.5080225573,15.0286793601
2016-03-23 20:22:28,52.27452366666667,-40.28542733333333,6.2,4.946,34.709,0.576000005007,0.000356719996489,118.914553994,7.04697188115,12.9597798116,17.1276962982,0.260775864407,0.000915804615734,27.452268653,18.0396310985,15.7441701227
2016-03-23 20:22:28,52.27452366666667,-40.28542733333333,6.7,4.949,34.708,0.576000005007,0.000312129996928,118.914553994,7.04697188115,12.9597798116,17.1276962982,0.260775864407,0.000959049981684,27.4511350971,19.5714684512,16.4597677746
2016-03-23 20:22:28,52.27452366666667,-40.28542733333333,7.3,4.95,34.709,0.588000005111,0.00033123999674,118.914553994,7.04697188115,12.9597798116,17.1276962982,0.260775864407,0.000980668896796,27.4518185165,20.3372536623,16.8175042523
2016-03-23 20:22:28,52.27452366666667,-40.28542733333333,7.7,4.95,34.709,0.588000005111,0.000305759996991,96.1786362062,5.50495470868,10.5062302448,14.6386661351,0.260775864407,0.000937429990432,27.4518224223,18.8056451211,16.1020134896
2016-03-23 20:22:28,52.27452366666667,-40.28542733333333,8.3,4.949,34.709,0.600000005215,0.000299389997053,96.1786362062,5.50495470868,10.5062302448,14.6386661351,0.260775864407,0.000937428510183,27.4519435141,18.8055926877,16.1019889954
2016-03-23 20:22:28,52.27452366666667,-40.28542733333333,8.7,4.949,34.709,0.636000005528,0.000318499996865,96.1786362062,5.50495470868,10.5062302448,14.6386661351,0.260775864407,0.000959047963365,27.4519474199,19.5713969583,16.4597343767
2016-03-23 20:22:28,52.27452366666667,-40.28542733333333,9.3,4.948,34.708,0.61200000532,0.000312129996928,71.4124408404,3.80510644483,7.70804648827,11.6312635344,0.255603450569,0.00113200412682,27.4512756978,25.6978501803,19.3217063299
2016-03-23 20:22:28,52.27452366666667,-40.28542733333333,9.6,4.948,34.708,0.648000005633,0.000324869996803,71.4124408404,3.80510644483,7.70804648827,11.6312635344,0.271120692083,0.00106714576728,27.4512786269,23.4004373685,18.2484701859
2016-03-23 20:22:28,52.27452366666667,-40.28542733333333,10.3,4.949,34.708,0.648000005633,0.000324869996803,0.408636888565,0.00836999958822,0.00749065506147,0.0200872883659,0.271120692083,0.000894191622138,27.451165955,17.2740556394,15.3865316306
2016-03-23 20:22:28,52.27452366666667,-40.28542733333333,10.7,4.949,34.708,0.648000005633,0.000324869996803,0.408636888565,0.00836999958822,0.00749065506147,0.0200872883659,0.271120692083,0.000894191622138,27.4511641389,17.2740556394,15.3865316306
2016-03-23 20:22:28,52.27452366666667,-40.28542733333333,11.6,4.949,34.708,0.588000005111,0.000318499996865,61.4189918035,3.19055975502,6.58813293129,10.194201742,0.245258622893,0.000959049981684,27.4511600537,19.5714684512,16.4597677746
2016-03-23 20:22:28,52.27452366666667,-40.28542733333333,12.5,4.95,34.709,0.600000005215,0.00033123999674,58.1384349238,2.86894711794,6.14063907032,9.948132056,0.250431036731,0.00102390780316,27.451833543,21.8688622035,17.532995015
2016-03-23 20:22:28,52.27452366666667,-40.28542733333333,13.0,4.95,34.709,0.600000005215,0.00033123999674,58.1384349238,2.86894711794,6.14063907032,9.948132056,0.250431036731,0.00102390780316,27.4518312757,21.8688622035,17.532995015
2016-03-23 20:22:28,52.27452366666667,-40.28542733333333,13.6,4.951,34.709,0.552000004798,0.000324869996803,48.6831823614,2.26646722596,5.01020731131,8.53467964613,0.229741381379,0.000937431470596,27.4517133209,18.8056975515,16.1020379825
2016-03-23 20:22:28,52.27452366666667,-40.28542733333333,13.9,4.951,34.709,0.552000004798,0.000324869996803,48.6831823614,2.26646722596,5.01020731131,8.53467964613,0.229741381379,0.000937431470596,27.4517119616,18.8056975515,16.1020379825
2016-03-23 20:22:28,52.27452366666667,-40.28542733333333,14.9,4.95,34.709,0.600000005215,0.000318499996865,41.1053402098,1.85170509534,4.18030427089,7.32648969193,0.250431036731,0.000850952177704,27.4518226637,15.7424280386,14.6710319643
2016-03-23 20:22:28,52.27452366666667,-40.28542733333333,15.6,4.951,34.709,0.564000004902,0.000312129996928,41.1053402098,1.85170509534,4.18030427089,7.32648969193,0.234913795217,0.00102390928332,27.4517042615,21.8689146339,17.5330195078
2016-03-23 20:22:28,52.27452366666667,-40.28542733333333,15.9,4.951,34.709,0.564000004902,0.000312129996928,36.3012783656,1.56283448406,3.63553541466,6.62074340065,0.234913795217,0.00102390928332,27.4517029032,21.8689146339,17.5330195078
2016-03-23 20:22:28,52.27452366666667,-40.28542733333333,16.7,4.951,34.709,0.540000004694,0.000305759996991,36.3012783656,1.56283448406,3.63553541466,6.62074340065,0.22456896754,0.00098067037696,27.4516992816,20.3373060927,16.8175287451
2016-03-23 20:22:28,52.27452366666667,-40.28542733333333,17.2,4.951,34.708,0.540000004694,0.000305759996991,30.8424702641,1.2270162971,3.01370237658,5.85785547439,0.22456896754,0.000980672395242,27.4509042257,20.3373775843,16.8175621424
2016-03-23 20:22:28,52.27452366666667,-40.28542733333333,17.4,4.951,34.708,0.540000004694,0.000305759996991,30.8424702641,1.2270162971,3.01370237658,5.85785547439,0.22456896754,0.000980672395242,27.4509033206,20.3373775843,16.8175621424
2016-03-23 20:22:28,52.27452366666667,-40.28542733333333,18.2,4.95,34.709,0.600000005215,0.000305759996991,26.7551670164,1.00058225006,2.55173966078,5.20449219816,0.250431036731,0.000894191084068,27.4518077202,17.2740365799,15.386522727
2016-03-23 20:22:28,52.27452366666667,-40.28542733333333,18.4,4.95,34.709,0.600000005215,0.000305759996991,26.7551670164,1.00058225006,2.55173966078,5.20449219816,0.250431036731,0.000894191084068,27.4518068151,17.2740365799,15.386522727
2016-03-23 20:22:28,52.27452366666667,-40.28542733333333,19.1,4.95,34.709,0.576000005007,0.000318499996865,22.8739420601,0.88137297189,2.20657214006,4.42072724253,0.240086209055,0.000937429990432,27.4518036478,18.8056451211,16.1020134896
2016-03-23 20:22:28,52.27452366666667,-40.28542733333333,20.0,4.949,34.708,0.600000005215,0.000293019997116,19.8200194359,0.689535160577,1.83676501403,3.97745901286,0.250431036731,0.000894191622138,27.4511219897,17.2740556394,15.3865316306
2016-03-23 20:22:28,52.27452366666667,-40.28542733333333,20.3,4.949,34.708,0.600000005215,0.000293019997116,19.8200194359,0.689535160577,1.83676501403,3.97745901286,0.250431036731,0.000894191622138,27.4511303484,17.2740556394,15.3865316306
2016-03-23 20:22:28,52.27452366666667,-40.28542733333333,21.1,4.948,34.708,0.61200000532,0.000350349996552,16.3023681972,0.544552139469,1.47579259433,3.31833353235,0.255603450569,0.00108876522046,27.4512678342,24.1662416391,18.6062155672
2016-03-23 20:22:28,52.27452366666667,-40.28542733333333,21.3,4.948,34.708,0.61200000532,0.000350349996552,16.3023681972,0.544552139469,1.47579259433,3.31833353235,0.255603450569,0.00108876522046,27.4512734067,24.1662416391,18.6062155672
2016-03-23 20:22:28,52.27452366666667,-40.28542733333333,22.1,4.947,34.708,0.576000005007,0.000324869996803,13.6811937523,0.408223847518,1.17991772474,2.88759060576,0.240086209055,0.000980666474146,27.4514108791,20.3371678472,16.8174641638
2016-03-23 20:22:28,52.27452366666667,-40.28542733333333,22.5,4.947,34.708,0.576000005007,0.000324869996803,13.6811937523,0.408223847518,1.17991772474,2.88759060576,0.240086209055,0.000980666474146,27.4514220241,20.3371678472,16.8174641638
2016-03-23 20:22:28,52.27452366666667,-40.28542733333333,23.5,4.947,34.708,0.624000005424,0.000324869996803,12.8849074878,0.382044097837,1.10746278082,2.72780039339,0.260775864407,0.00106714428687,27.4514498879,23.4003849296,18.2484456891
2016-03-23 20:22:28,52.27452366666667,-40.28542733333333,24.5,4.946,34.708,0.648000005633,0.000305759996991,13.1936784983,0.396270266712,1.14578454202,2.79211102605,0.271120692083,0.000894187180928,27.4515929193,17.2738983228,15.3864581402
2016-03-23 20:22:28,52.27452366666667,-40.28542733333333,24.8,4.946,34.708,0.648000005633,0.000305759996991,13.1936784983,0.396270266712,1.14578454202,2.79211102605,0.271120692083,0.000894187180928,27.4516012788,17.2738983228,15.3864581402
2016-03-23 20:22:28,52.27452366666667,-40.28542733333333,25.6,4.945,34.708,0.636000005528,0.000324869996803,12.870899976,0.358870222642,1.08091462272,2.79482831611,0.265948278245,0.000959044059898,27.4517387238,19.5712586897,16.4596697846
2016-03-23 20:22:28,52.27452366666667,-40.28542733333333,26.0,4.946,34.708,0.636000005528,0.000324869996803,12.870899976,0.358870222642,1.08091462272,2.79482831611,0.265948278245,0.000959045540474,27.4516347181,19.5713111347,16.4596942842
2016-03-23 20:22:28,52.27452366666667,-40.28542733333333,26.9,4.946,34.708,0.684000005946,0.000305759996991,12.1848763466,0.285102021447,0.945929552576,2.77252028465,0.286637933597,0.000850948274564,27.4516597992,15.7422897816,14.6709673776
2016-03-23 20:22:28,52.27452366666667,-40.28542733333333,27.5,4.945,34.708,0.672000005841,0.000312129996928,12.1848763466,0.285102021447,0.945929552576,2.77252028465,0.281465519759,0.000937424606716,27.4517916698,18.8054544191,16.1019244032
2016-03-23 20:22:28,52.27452366666667,-40.28542733333333,28.3,4.945,34.708,0.672000005841,0.000312129996928,12.6704001426,0.301950176621,0.986758684301,2.87896585932,0.281465519759,0.000937424606716,27.4518139646,18.8054544191,16.1019244032
2016-03-23 20:22:28,52.27452366666667,-40.28542733333333,29.2,4.945,34.708,0.636000005528,0.000318499996865,12.6704001426,0.301950176621,0.986758684301,2.87896585932,0.265948278245,0.000915805153534,27.4518390476,18.0396501485,15.7441790219
2016-03-23 20:22:28,52.27452366666667,-40.28542733333333,29.5,4.945,34.708,0.636000005528,0.000318499996865,13.9193768805,0.335041788099,1.08832148905,3.13511604046,0.265948278245,0.000915805153534,27.4518474089,18.0396501485,15.7441790219
2016-03-23 20:22:28,52.27452366666667,-40.28542733333333,30.3,4.946,34.708,0.69600000605,0.000324869996803,13.9193768805,0.335041788099,1.08832148905,3.13511604046,0.291810347435,0.0010455233532,27.451752633,22.6345282171,17.8906758095
2016-03-23 20:22:28,52.27452366666667,-40.28542733333333,30.6,4.946,34.708,0.69600000605,0.000324869996803,15.661807614,0.358368056407,1.19773326722,3.57613662849,0.291810347435,0.0010455233532,27.4517590661,22.6345282171,17.8906758095
2016-03-23 20:22:28,52.27452366666667,-40.28542733333333,31.4,4.947,34.708,0.69600000605,0.000318499996865,15.661807614,0.358368056407,1.19773326722,3.57613662849,0.291810347435,0.00102390538051,27.4516610679,21.8687763884,17.5329549264
2016-03-23 20:22:28,52.27452366666667,-40.28542733333333,31.7,4.947,34.708,0.69600000605,0.000318499996865,17.779610365,0.380901055769,1.3233345718,4.13084280102,0.291810347435,0.00102390538051,27.4516675021,21.8687763884,17.5329549264
2016-03-23 20:22:28,52.27452366666667,-40.28542733333333,32.5,4.947,34.708,0.69600000605,0.000337609996677,20.0611363025,0.406338709098,1.45651804131,4.72500347648,0.291810347435,0.00106714428687,27.4516846607,23.4003849296,18.2484456891
2016-03-23 20:22:28,52.27452366666667,-40.28542733333333,33.0,4.947,34.708,0.69600000605,0.000337609996677,20.0611363025,0.406338709098,1.45651804131,4.72500347648,0.291810347435,0.00106714428687,27.4516953854,23.4003849296,18.2484456891
2016-03-23 20:22:28,52.27452366666667,-40.28542733333333,33.9,4.947,34.707,0.684000005946,0.000312129996928,22.3322021365,0.434635092271,1.5877878106,5.30009712503,0.286637933597,0.00106714630526,27.4509218752,23.4004564248,18.2484790881
2016-03-23 20:22:28,52.27452366666667,-40.28542733333333,34.4,4.947,34.708,0.684000005946,0.000312129996928,22.3322021365,0.434635092271,1.5877878106,5.30009712503,0.286637933597,0.00106714428687,27.4517254167,23.4003849296,18.2484456891
2016-03-23 20:22:28,52.27452366666667,-40.28542733333333,35.2,4.947,34.707,0.708000006154,0.000305759996991,22.166194514,0.408477461148,1.53317986568,5.33235573174,0.296982761273,0.00100228794571,27.4509497622,21.103043613,17.1752429441
2016-03-23 20:22:28,52.27452366666667,-40.28542733333333,36.1,4.947,34.707,0.69600000605,0.000312129996928,23.1521602248,0.371625882328,1.50185717994,5.74383016139,0.291810347435,0.000937429586165,27.4509690703,18.8056308011,16.1020068001
2016-03-23 20:22:28,52.27452366666667,-40.28542733333333,36.4,4.947,34.707,0.69600000605,0.000312129996928,23.1521602248,0.371625882328,1.50185717994,5.74383016139,0.291810347435,0.000937429586165,27.4509755066,18.8056308011,16.1020068001
2016-03-23 20:22:28,52.27452366666667,-40.28542733333333,37.1,4.947,34.707,0.660000005737,0.000318499996865,26.5379436867,0.416110800302,1.70421953991,6.60066068503,0.276293105921,0.00104552685207,27.4509905253,22.6346521542,17.8907337067
2016-03-23 20:22:28,52.27452366666667,-40.28542733333333,37.8,4.947,34.707,0.69600000605,0.000312129996928,28.0656809944,0.429116699602,1.77709028182,7.01520692744,0.291810347435,0.00104552685207,27.4510055448,22.6346521542,17.8907337067
2016-03-23 20:22:28,52.27452366666667,-40.28542733333333,38.6,4.946,34.707,0.684000005946,0.000343979996615,36.3834467938,0.491832744934,2.15616850188,9.27545347937,0.286637933597,0.00102390591842,27.4511378496,21.8687954423,17.5329638275
2016-03-23 20:22:28,52.27452366666667,-40.28542733333333,39.3,4.947,34.707,0.672000005841,0.000324869996803,31.9749249334,0.455191854747,1.94684367039,8.08160609331,0.281465519759,0.000959049039347,27.4510377322,19.5714350717,16.4597521814
2016-03-23 20:22:28,52.27452366666667,-40.28542733333333,39.9,4.947,34.707,0.648000005633,0.000299389997053,27.7688943644,0.399803987452,1.70416720771,7.04519045601,0.271120692083,0.000915810132983,27.4510506083,18.0398265305,15.7442614187
2016-03-23 20:22:28,52.27452366666667,-40.28542733333333,40.7,4.948,34.707,0.684000005946,0.000324869996803,23.8137518715,0.316798476789,1.40361503972,6.16781752078,0.286637933597,0.00102390887928,27.4509532324,21.8689003218,17.5330128219
2016-03-23 20:22:28,52.27452366666667,-40.28542733333333,41.5,4.948,34.707,0.720000006258,0.000305759996991,26.7574831256,0.299516760397,1.44189733728,7.08773129692,0.302155175111,0.000915811613367,27.4509710914,18.0398789687,15.7442859152
2016-03-23 20:22:28,52.27452366666667,-40.28542733333333,42.0,4.948,34.707,0.720000006258,0.000324869996803,27.6662372778,0.313204773519,1.49575747496,7.26569819467,0.302155175111,0.00108876723882,27.4509822539,24.1663131336,18.6062489659
2016-03-23 20:22:28,52.27452366666667,-40.28542733333333,42.4,4.948,34.707,0.672000005841,0.000324869996803,27.6662372778,0.313204773519,1.49575747496,7.26569819467,0.281465519759,0.00104552833246,27.4509911841,22.6347045924,17.8907582032
2016-03-23 20:22:28,52.27452366666667,-40.28542733333333,42.9,4.948,34.707,0.672000005841,0.000324869996803,33.4129278561,0.368068168576,1.79933490216,8.92283008663,0.281465519759,0.00104552833246,27.4510023473,22.6347045924,17.8907582032
2016-03-23 20:22:28,52.27452366666667,-40.28542733333333,43.3,4.948,34.707,0.708000006154,0.000318499996865,25.8454389107,0.307489188285,1.45010977647,6.89480477862,0.296982761273,0.00102390887928,27.4510112782,21.8689003218,17.5330128219
2016-03-23 20:22:28,52.27452366666667,-40.28542733333333,43.9,4.947,34.708,0.684000005946,0.000343979996615,31.7382977554,0.312236430566,1.62202022434,8.81172165083,0.286637933597,0.00111038319324,27.4519326393,24.9319934709,18.9639364518
2016-03-23 20:22:28,52.27452366666667,-40.28542733333333,44.8,4.947,34.708,0.69600000605,0.00033123999674,40.7018027207,0.350745214196,1.93734751927,11.5467327346,0.291810347435,0.00100228592733,27.4519527348,21.1029721178,17.1752095451
2016-03-23 20:22:28,52.27452366666667,-40.28542733333333,45.4,4.948,34.708,0.684000005946,0.000305759996991,36.8953623573,0.300939096117,1.70616212294,10.5921082813,0.286637933597,0.000959048501367,27.4518509916,19.5714160154,16.4597432793
2016-03-23 20:22:28,52.27452366666667,-40.28542733333333,45.7,4.948,34.708,0.684000005946,0.000305759996991,36.8953623573,0.300939096117,1.70616212294,10.5921082813,0.286637933597,0.000959048501367,27.4518576912,19.5714160154,16.4597432793
2016-03-23 20:22:28,52.27452366666667,-40.28542733333333,46.5,4.948,34.707,0.69600000605,0.00033123999674,32.2414160631,0.240706327486,1.42847426872,9.4013179138,0.291810347435,0.00106714778564,27.4510827347,23.400508863,18.2485035846
2016-03-23 20:22:28,52.27452366666667,-40.28542733333333,47.4,4.948,34.708,0.720000006258,0.000312129996928,32.194357475,0.242080864627,1.4268714161,9.33803534316,0.302155175111,0.00100228740773,27.4518956586,21.1030245567,17.1752340419
2016-03-23 20:22:28,52.27452366666667,-40.28542733333333,48.1,4.946,34.707,0.708000006154,0.000305759996991,31.5554241069,0.237986682131,1.39734775727,9.18783876247,0.296982761273,0.000937428105693,27.4513487249,18.8055783599,16.1019823021
2016-03-23 20:22:28,52.27452366666667,-40.28542733333333,48.8,4.946,34.707,0.69600000605,0.000324869996803,27.4669647842,0.203541152506,1.20568690504,8.08881436286,0.291810347435,0.000980667012057,27.4513643577,20.3371869011,16.8174730648
2016-03-23 20:22:28,52.27452366666667,-40.28542733333333,49.6,4.947,34.707,0.69600000605,0.000312129996928,24.0713705213,0.160478945143,1.0018369377,7.24241616724,0.291810347435,0.00108876575844,27.4512671055,24.1662606954,18.6062244694
2016-03-23 20:22:28,52.27452366666667,-40.28542733333333,50.0,4.947,34.707,0.69600000605,0.000312129996928,24.0713705213,0.160478945143,1.0018369377,7.24241616724,0.291810347435,0.00108876575844,27.4512760402,24.1662606954,18.6062244694
2016-03-23 20:22:28,52.27452366666667,-40.28542733333333,50.8,4.946,34.707,0.708000006154,0.000337609996677,20.6603592852,0.147356454802,0.882667633331,6.1537404412,0.296982761273,0.0010455253716,27.4514049332,22.6345997129,17.8907092088
2016-03-23 20:22:28,52.27452366666667,-40.28542733333333,51.3,4.947,34.707,0.708000006154,0.000337609996677,20.6603592852,0.147356454802,0.882667633331,6.1537404412,0.296982761273,0.00104552685207,27.4512984265,22.6346521542,17.8907337067
2016-03-23 20:22:28,52.27452366666667,-40.28542733333333,52.0,4.947,34.707,0.672000005841,0.000305759996991,17.1959508442,0.13223392201,0.75665310448,5.09888989258,0.281465519759,0.00100228794571,27.4513104819,21.103043613,17.1752429441
2016-03-23 20:22:28,52.27452366666667,-40.28542733333333,52.8,4.947,34.707,0.708000006154,0.000312129996928,12.0768981475,0.083663631474,0.498498604637,3.69387286345,0.296982761273,0.000980668492529,27.4513242604,20.3372393423,16.8174975627
2016-03-23 20:22:28,52.27452366666667,-40.28542733333333,53.7,4.947,34.707,0.720000006258,0.000312129996928,11.1814309398,0.0638247848922,0.417154048472,3.50926579322,0.302155175111,0.000980668492529,27.4513397626,20.3372393423,16.8174975627
2016-03-23 20:22:28,52.27452366666667,-40.28542733333333,54.0,4.947,34.707,0.720000006258,0.000312129996928,11.1814309398,0.0638247848922,0.417154048472,3.50926579322,0.302155175111,0.000980668492529,27.4513449302,20.3372393423,16.8174975627
2016-03-23 20:22:28,52.27452366666667,-40.28542733333333,54.7,4.948,34.707,0.720000006258,0.000299389997053,16.0080045738,0.0947963888597,0.614525402761,4.95898307768,0.302155175111,0.000959050519731,27.4512418669,19.5714875099,16.4597766779
2016-03-23 20:22:28,52.27452366666667,-40.28542733333333,55.3,4.948,34.707,0.672000005841,0.000312129996928,16.7985698505,0.106374703969,0.673572720407,5.16852993209,0.281465519759,0.00104552833246,27.4512522045,22.6347045924,17.8907582032
2016-03-23 20:22:28,52.27452366666667,-40.28542733333333,56.2,4.948,34.707,0.672000005841,0.000318499996865,14.1735589785,0.0824107463991,0.537873873251,4.43880790014,0.281465519759,0.00106714778564,27.451267712,23.400508863,18.2485035846
2016-03-23 20:22:28,52.27452366666667,-40.28542733333333,56.5,4.948,34.707,0.672000005841,0.000318499996865,14.1735589785,0.0824107463991,0.537873873251,4.43880790014,0.281465519759,0.00106714778564,27.4512728815,23.400508863,18.2485035846
2016-03-23 20:22:28,52.27452366666667,-40.28542733333333,57.2,4.947,34.707,0.684000005946,0.000394939996113,14.6604605626,0.0808461396188,0.541309497055,4.61540485548,0.286637933597,0.00156439372844,27.4514000615,41.0139546489,26.4766228587
2016-03-23 20:22:28,52.27452366666667,-40.28542733333333,57.8,4.947,34.707,0.684000005946,0.000318499996865,14.3728314721,0.0839086226159,0.54597135316,4.47199612024,0.286637933597,0.000980668492529,27.4514104005,20.3372393423,16.8174975627
2016-03-23 20:22:28,52.27452366666667,-40.28542733333333,58.6,4.948,34.707,0.69600000605,0.00033123999674,12.562999981,0.0678899133509,0.454992237184,3.96773008154,0.291810347435,0.00106714778564,27.4513090719,23.400508863,18.2485035846
2016-03-23 20:22:28,52.27452366666667,-40.28542733333333,59.4,4.948,34.707,0.684000005946,0.00033123999674,12.2208215697,0.0678539238335,0.448819324297,3.82882174028,0.286637933597,0.000980669972913,27.4513228607,20.3372917805,16.8175220592
2016-03-23 20:22:28,52.27452366666667,-40.28542733333333,60.3,4.948,34.707,0.69600000605,0.000350349996552,11.3362499732,0.0636002252991,0.418955649101,3.55433482747,0.291810347435,0.00106714778564,27.4513383744,23.400508863,18.2485035846
2016-03-23 20:22:28,52.27452366666667,-40.28542733333333,60.6,4.948,34.707,0.69600000605,0.000350349996552,11.3362499732,0.0636002252991,0.418955649101,3.55433482747,0.291810347435,0.00106714778564,27.4513435459,23.400508863,18.2485035846
2016-03-23 20:22:28,52.27452366666667,-40.28542733333333,61.2,4.948,34.707,0.69600000605,0.000305759996991,11.8362167886,0.0570775001593,0.400514979802,3.80021514774,0.291810347435,0.000959050519731,27.4513538894,19.5714875099,16.4597766779
2016-03-23 20:22:28,52.27452366666667,-40.28542733333333,61.6,4.948,34.707,0.672000005841,0.00033123999674,11.8096468589,0.0538607495953,0.386349251424,3.82155698381,0.281465519759,0.00113200614519,27.4513607853,25.6979216748,19.3217397285
2016-03-23 20:22:28,52.27452366666667,-40.28542733333333,62.4,4.948,34.707,0.684000005946,0.000318499996865,11.3918484717,0.0503270288545,0.366402672773,3.70457068002,0.286637933597,0.000959050519731,27.4513745781,19.5714875099,16.4597766779
2016-03-23 20:22:28,52.27452366666667,-40.28542733333333,62.6,4.948,34.707,0.684000005946,0.000318499996865,11.3918484717,0.0503270288545,0.366402672773,3.70457068002,0.286637933597,0.000959050519731,27.4513780265,19.5714875099,16.4597766779
2016-03-23 20:22:28,52.27452366666667,-40.28542733333333,63.4,4.949,34.706,0.648000005633,0.000312129996928,10.6936622995,0.0456774456286,0.335292175554,3.49575196896,0.271120692083,0.00100229292477,27.4504838712,21.103219981,17.1753253344
2016-03-23 20:22:28,52.27452366666667,-40.28542733333333,64.5,4.945,34.712,0.648000005633,0.000293019997116,9.99858406876,0.0444091900307,0.318015111486,3.24562194906,0.271120692083,0.000786080361019,27.455720283,13.444538548,13.5975731399
2016-03-23 20:22:28,52.27452366666667,-40.28542733333333,65.5,4.944,34.716,0.588000005111,0.000324869996803,8.77690178706,0.0377511293097,0.270950153837,2.86341312608,0.245258622893,0.000937406979473,27.4590239962,18.8048300269,16.1016327185
2016-03-23 20:22:28,52.27452366666667,-40.28542733333333,66.5,4.937,34.726,0.492000004277,0.000293019997116,8.6948046237,0.0376021102142,0.269624690517,2.84243307532,0.203879312188,0.000807659710082,27.4677752168,14.2089222505,13.954654903
2016-03-23 20:22:28,52.27452366666667,-40.28542733333333,66.7,4.937,34.726,0.492000004277,0.000293019997116,8.6948046237,0.0376021102142,0.269624690517,2.84243307532,0.203879312188,0.000807659710082,27.4677786651,14.2089222505,13.954654903
2016-03-23 20:22:28,52.27452366666667,-40.28542733333333,67.7,4.919,34.746,0.360000003129,0.000273909997304,9.00599864072,0.0393056140383,0.280286734623,2.95034677205,0.14698275997,0.000634637037668,27.485722854,8.08011314828,11.0915824006
2016-03-23 20:22:28,52.27452366666667,-40.28542733333333,68.5,4.92,34.746,0.396000003442,0.000280279997241,7.61653899156,0.0322346110941,0.224154578377,2.5368337024,0.162500001484,0.000656257974379,27.48562176,8.84596996844,11.4493523305
2016-03-23 20:22:28,52.27452366666667,-40.28542733333333,68.8,4.92,34.746,0.396000003442,0.000280279997241,7.61653899156,0.0322346110941,0.224154578377,2.5368337024,0.162500001484,0.000656257974379,27.4856269282,8.84596996844,11.4493523305
2016-03-23 20:22:28,52.27452366666667,-40.28542733333333,69.4,4.921,34.744,0.25200000219,0.000267539997367,6.94567894891,0.0265979403751,0.190429186531,2.36983037874,0.100431035427,0.00056978568089,27.4839365506,5.78294838847,10.0184621341
2016-03-23 20:22:28,52.27452366666667,-40.28542733333333,69.8,4.921,34.744,0.25200000219,0.000267539997367,6.94567894891,0.0265979403751,0.190429186531,2.36983037874,0.100431035427,0.00056978568089,27.4839434423,5.78294838847,10.0184621341
2016-03-23 20:22:28,52.27452366666667,-40.28542733333333,70.5,4.886,34.78,0.180000001565,0.00023568999768,6.55137422331,0.0236501739647,0.171607035447,2.24405713035,0.0693965523985,0.000461563792373,27.5165176437,1.94951265343,8.22767304939
2016-03-23 20:22:28,52.27452366666667,-40.28542733333333,70.8,4.886,34.78,0.180000001565,0.00023568999768,6.55137422331,0.0236501739647,0.171607035447,2.24405713035,0.0693965523985,0.000461563792373,27.5165228013,1.94951265343,8.22767304939
2016-03-23 20:22:28,52.27452366666667,-40.28542733333333,71.7,4.906,34.766,0.25200000219,0.00026116999743,6.52885847447,0.0231480077296,0.171128610391,2.21376346166,0.100431035427,0.000526480120151,27.5031431487,4.24897881597,9.30186841594
2016-03-23 20:22:28,52.27452366666667,-40.28542733333333,72.0,4.906,34.766,0.25200000219,0.00026116999743,6.52885847447,0.0231480077296,0.171128610391,2.21376346166,0.100431035427,0.000526480120151,27.5031483148,4.24897881597,9.30186841594
2016-03-23 20:22:28,52.27452366666667,-40.28542733333333,73.0,4.913,34.76,0.0720000006258,0.00023568999768,6.82640526337,0.0245465378827,0.183571379436,2.33495508249,0.022844827856,0.000440024806275,27.4976042741,1.18655868788,7.87125918776
2016-03-23 20:22:28,52.27452366666667,-40.28542733333333,73.7,4.872,34.787,0.0720000006258,0.00023568999768,6.58829735918,0.0218866876116,0.168783383921,2.27597385667,0.022844827856,0.000439909387181,27.5237267908,1.18247031271,7.86934930375
2016-03-23 20:22:28,52.27452366666667,-40.28542733333333,74.3,4.864,34.788,0.0960000008345,0.000248429997555,6.58829735918,0.0218866876116,0.168783383921,2.27597385667,0.0331896555321,0.000396656552991,27.5254451465,-0.349631579959,7.15362807201
2016-03-23 20:22:28,52.27452366666667,-40.28542733333333,74.9,4.864,34.788,0.0960000008345,0.000242059997618,5.64555380949,0.0185585944781,0.134898421733,1.98722318844,0.0331896555321,0.000418276006173,27.5254554453,0.416172690654,7.51137345335
2016-03-23 20:22:28,52.27452366666667,-40.28542733333333,75.3,4.858,34.788,0.0960000008345,0.000242059997618,5.64555380949,0.0185585944781,0.134898421733,1.98722318844,0.0331896555321,0.000418267069957,27.5261480593,0.415856152006,7.51122558235
2016-03-23 20:22:28,52.27452366666667,-40.28542733333333,76.4,4.853,34.788,0.0720000006258,0.000216579997868,4.72709971279,0.0148310551904,0.101954867366,1.69683197853,0.022844827856,0.000375020714367,27.5267369612,-1.1160162557,6.79561155449
2016-03-23 20:22:28,52.27452366666667,-40.28542733333333,77.2,4.846,34.79,0.0480000004172,0.000242059997618,5.13660761678,0.0153452179314,0.110143857148,1.83742739594,0.0125000001798,0.000396625698673,27.5291338137,-0.3507245016,7.15311751379
2016-03-23 20:22:28,52.27452366666667,-40.28542733333333,77.5,4.846,34.79,0.0480000004172,0.000242059997618,5.13660761678,0.0153452179314,0.110143857148,1.83742739594,0.0125000001798,0.000396625698673,27.5291381326,-0.3507245016,7.15311751379
2016-03-23 20:22:28,52.27452366666667,-40.28542733333333,78.3,4.834,34.793,0.0840000007302,0.00023568999768,5.87168129237,0.0178301816413,0.13240420575,2.09906945107,0.028017241694,0.000396601749016,27.532897683,-0.35157284634,7.15272120964
2016-03-23 20:22:28,52.27452366666667,-40.28542733333333,78.7,4.834,34.793,0.0840000007302,0.00023568999768,5.87168129237,0.0178301816413,0.13240420575,2.09906945107,0.028017241694,0.000396601749016,27.5329034344,-0.35157284634,7.15272120964
2016-03-23 20:22:28,52.27452366666667,-40.28542733333333,79.6,4.829,34.797,0.0480000004172,0.000273909997304,5.51147682082,0.0166339050782,0.122662407807,1.98281371151,0.0125000001798,0.000310108402904,27.5366588266,-3.41534015234,5.72148264744
2016-03-23 20:22:28,52.27452366666667,-40.28542733333333,80.5,4.828,34.798,0.0720000006258,0.000216579997868,4.1789538666,0.0137136931421,0.0916614364684,1.48948407939,0.022844827856,0.000331724345455,27.5375788654,-2.64966023529,6.07916993702
2016-03-23 20:22:28,52.27452366666667,-40.28542733333333,81.0,4.828,34.798,0.0720000006258,0.000216579997868,4.1789538666,0.0137136931421,0.0916614364684,1.48948407939,0.022844827856,0.000331724345455,27.5375860526,-2.64966023529,6.07916993702
2016-03-23 20:22:28,52.27452366666667,-40.28542733333333,81.8,4.824,34.8,0.0480000004172,0.000222949997806,5.32324642743,0.0156708105967,0.109424646738,1.94838089617,0.0125000001798,0.000310094885296,27.5396395194,-3.41581897304,5.72125896641
2016-03-23 20:22:28,52.27452366666667,-40.28542733333333,82.7,4.824,34.803,0.0360000003129,0.000222949997806,3.02452585351,0.0124677435471,0.0659811923218,1.05002279946,0.00732758634178,0.000331708283724,27.5420320129,-2.65022917394,6.07890415739
2016-03-23 20:22:28,52.27452366666667,-40.28542733333333,83.2,4.824,34.803,0.0360000003129,0.000222949997806,3.02452585351,0.0124677435471,0.0659811923218,1.05002279946,0.00732758634178,0.000331708283724,27.5420391997,-2.65022917394,6.07890415739
2016-03-23 20:22:28,52.27452366666667,-40.28542733333333,83.9,4.825,34.805,0.0360000003129,0.000222949997806,2.69559479503,0.0111241348972,0.0574524721358,0.924279139463,0.00732758634178,0.000374944646561,27.5435217415,-1.11871072951,6.79435283135
2016-03-23 20:22:28,52.27452366666667,-40.28542733333333,84.4,4.825,34.805,0.0360000003129,0.000222949997806,2.69559479503,0.0111241348972,0.0574524721358,0.924279139463,0.00732758634178,0.000374944646561,27.5435289308,-1.11871072951,6.79435283135
2016-03-23 20:22:28,52.27452366666667,-40.28542733333333,85.1,4.823,34.809,0.0480000004172,0.000216579997868,2.58352678259,0.0115850631436,0.0564012524669,0.87718114867,0.0125000001798,0.000331694681904,27.5469395386,-2.65071097759,6.07867908287
2016-03-23 20:22:28,52.27452366666667,-40.28542733333333,85.5,4.823,34.809,0.0480000004172,0.000216579997868,2.58352678259,0.0115850631436,0.0564012524669,0.87718114867,0.0125000001798,0.000331694681904,27.5469452903,-2.65071097759,6.07867908287
2016-03-23 20:22:28,52.27452366666667,-40.28542733333333,86.4,4.822,34.811,0.0600000005215,0.000229319997743,2.30896292353,0.010681951191,0.0468922327638,0.786189589623,0.0176724140179,0.000310069699489,27.548658502,-3.41671110471,5.72084220719
2016-03-23 20:22:28,52.27452366666667,-40.28542733333333,87.4,4.823,34.811,0.0360000003129,0.000229319997743,2.30791374586,0.0102500769821,0.0471301584342,0.78672836729,0.00732758634178,0.000353310098986,27.5485590011,-1.88504967373,6.4363576773
2016-03-23 20:22:28,52.27452366666667,-40.28542733333333,87.8,4.823,34.811,0.0360000003129,0.000229319997743,2.30791374586,0.0102500769821,0.0471301584342,0.78672836729,0.00732758634178,0.000353310098986,27.5485647548,-1.88504967373,6.4363576773
2016-03-23 20:22:28,52.27452366666667,-40.28542733333333,88.8,4.822,34.81,0.0480000004172,0.000229319997743,2.29625797575,0.0103683550315,0.0466909110426,0.774284297796,0.0125000001798,0.000331691170727,27.5478998227,-2.65083535051,6.07862098207
2016-03-23 20:22:28,52.27452366666667,-40.28542733333333,89.3,4.819,34.812,0.0480000004172,0.000229319997743,2.29625797575,0.0103683550315,0.0466909110426,0.774284297796,0.0125000001798,0.000331682654666,27.5498349834,-2.65113700643,6.07848006354
2016-03-23 20:22:28,52.27452366666667,-40.28542733333333,90.0,4.801,34.813,0.0480000004172,0.00023568999768,1.91878364374,0.00929541754372,0.035124063065,0.643975956315,0.0125000001798,0.000288414833678,27.5526855263,-4.18376976146,5.36251083952
2016-03-23 20:22:28,52.27452366666667,-40.28542733333333,91.0,4.778,34.812,0.0480000004172,0.00023568999768,1.65493723362,0.00892540031784,0.02888308971,0.549453157523,0.0125000001798,0.000418099162898,27.5545169929,0.409908548169,7.50844715987
2016-03-23 20:22:28,52.27452366666667,-40.28542733333333,91.4,4.778,34.812,0.0480000004172,0.00023568999768,1.65493723362,0.00892540031784,0.02888308971,0.549453157523,0.0125000001798,0.000418099162898,27.5545227173,0.409908548169,7.50844715987
2016-03-23 20:22:28,52.27452366666667,-40.28542733333333,92.2,4.763,34.809,0.0360000003129,0.000229319997743,1.65309226458,0.00942063107305,0.0289823207288,0.540100267732,0.00732758634178,0.000353224395948,27.5538531731,-1.88808544672,6.43493951628
2016-03-23 20:22:28,52.27452366666667,-40.28542733333333,92.5,4.763,34.809,0.0360000003129,0.000229319997743,1.65309226458,0.00942063107305,0.0289823207288,0.540100267732,0.00732758634178,0.000353224395948,27.5538574585,-1.88808544672,6.43493951628
2016-03-23 20:22:28,52.27452366666667,-40.28542733333333,93.4,4.737,34.807,0.0360000003129,0.000229319997743,1.66612186357,0.00952522560802,0.0305145391689,0.541595557322,0.00732758634178,0.000353189451441,27.5552220504,-1.88932325105,6.43436127612
2016-03-23 20:22:28,52.27452366666667,-40.28542733333333,94.1,4.737,34.807,0.0360000003129,0.000222949997806,1.66612186357,0.00952522560802,0.0305145391689,0.541595557322,0.00732758634178,0.000396428357805,27.5552320185,-0.357714709827,7.14985203878
2016-03-23 20:22:28,52.27452366666667,-40.28542733333333,94.8,4.696,34.806,0.0480000004172,0.000222949997806,1.49754870475,0.00905548742765,0.0260305553801,0.479399956505,0.0125000001798,0.000288271519993,27.5590660387,-4.18884621881,5.36013937302
2016-03-23 20:22:28,52.27452366666667,-40.28542733333333,95.9,4.667,34.802,0.0480000004172,0.000222949997806,1.28528224467,0.00888584933777,0.0212851965158,0.402493008634,0.0125000001798,0.000288235951481,27.5591613254,-4.19010612665,5.35955080721
2016-03-23 20:22:28,52.27452366666667,-40.28542733333333,96.3,4.667,34.802,0.0360000003129,0.00023568999768,1.28528224467,0.00888584933777,0.0212851965158,0.402493008634,0.00732758634178,0.000331474857845,27.5591669727,-2.65849758542,6.07504156987
2016-03-23 20:22:28,52.27452366666667,-40.28542733333333,97.2,4.643,34.799,0.0360000003129,0.00023568999768,1.25502237683,0.00805809043733,0.0214499142876,0.384213032871,0.00732758634178,0.000331444742685,27.5594840069,-2.65956432463,6.07454324277
2016-03-23 20:22:28,52.27452366666667,-40.28542733333333,97.9,4.643,34.799,0.0360000003129,0.000229319997743,1.25502237683,0.00805809043733,0.0214499142876,0.384213032871,0.00732758634178,0.000353064195867,27.5594938608,-1.89376005402,6.4322886241
2016-03-23 20:22:28,52.27452366666667,-40.28542733333333,98.6,4.611,34.796,0.0360000003129,0.00023568999768,1.24122865976,0.00886354333479,0.023264383493,0.376222822891,0.00732758634178,0.000374641399647,27.5606920975,-1.12945234169,6.78933488839
2016-03-23 20:22:28,52.27452366666667,-40.28542733333333,99.2,4.611,34.796,0.0360000003129,0.00023568999768,1.24122865976,0.00886354333479,0.023264383493,0.376222822891,0.00732758634178,0.000374641399647,27.5607005106,-1.12945234169,6.78933488839
2016-03-23 20:22:28,52.27452366666667,-40.28542733333333,99.9,4.593,34.792,0.0480000004172,0.000222949997806,1.07319790601,0.00761590673122,0.0182156122053,0.310613797914,0.0125000001798,0.000309763915066,27.5595376067,-3.42754260054,5.7157822751
2016-03-23 20:22:28,52.27452366666667,-40.28542733333333,100.6,4.529,34.79,0.0480000004172,0.000222949997806,0.989362670955,0.00775817779224,0.0163382299621,0.283246689892,0.0125000001798,0.000309670970337,27.5650479062,-3.43083488871,5.71424428304
2016-03-23 20:22:28,52.27452366666667,-40.28542733333333,101.2,4.471,34.786,0.0600000005215,0.000242059997618,0.989362670955,0.00775817779224,0.0163382299621,0.283246689892,0.0176724140179,0.000309590864683,27.5682610387,-3.43367239119,5.71291874407
2016-03-23 20:22:28,52.27452366666667,-40.28542733333333,101.7,4.471,34.786,0.0600000005215,0.000242059997618,0.989362670955,0.00775817779224,0.0163382299621,0.283246689892,0.0176724140179,0.000309590864683,27.5682659861,-3.43367239119,5.71291874407
2016-03-23 20:22:28,52.27452366666667,-40.28542733333333,102.3,4.443,34.784,0.0600000005215,0.000242059997618,1.01929788759,0.00760222321679,0.0168195147017,0.294741510067,0.0176724140179,0.000309552230666,27.5697500494,-3.43504088536,5.71227945217
2016-03-23 20:22:28,52.27452366666667,-40.28542733333333,102.9,4.443,34.784,0.0360000003129,0.000216579997868,1.01929788759,0.00760222321679,0.0168195147017,0.294741510067,0.00732758634178,0.000331171683848,27.5697559578,-2.66923661474,6.0700248335
2016-03-23 20:22:28,52.27452366666667,-40.28542733333333,103.5,4.422,34.787,0.0360000003129,0.000216579997868,1.0232808036,0.00815762394642,0.0168195147017,0.294365199554,0.00732758634178,0.00033113354644,27.5744382968,-2.67058751801,6.06939375919
2016-03-23 20:22:28,52.27452366666667,-40.28542733333333,104.1,4.417,34.789,0.0360000003129,0.000210209997931,1.0232808036,0.00815762394642,0.0168195147017,0.294365199554,0.00732758634178,0.00035274130804,27.5765780962,-1.9051973866,6.42694567543
2016-03-23 20:22:28,52.27452366666667,-40.28542733333333,104.9,4.417,34.789,0.0600000005215,0.000222949997806,1.07562487173,0.00769482124596,0.0170600140873,0.305343567847,0.0176724140179,0.000309502401676,27.5765859423,-3.43680592783,5.71145491277
2016-03-23 20:22:28,52.27452366666667,-40.28542733333333,105.6,4.42,34.789,0.0600000005215,0.000222949997806,1.01669275962,0.00755779865624,0.0164769246137,0.299903608021,0.0176724140179,0.000309506985443,27.5762656044,-3.43664356163,5.71153076212
2016-03-23 20:22:28,52.27452366666667,-40.28542733333333,106.1,4.42,34.789,0.0360000003129,0.000216579997868,1.01669275962,0.00755779865624,0.0164769246137,0.299903608021,0.00732758634178,0.000331126438625,27.5762705118,-2.67083929102,6.06927614345
2016-03-23 20:22:28,52.27452366666667,-40.28542733333333,107.1,4.422,34.79,0.0360000003129,0.000216579997868,0.996964260155,0.00760391022542,0.016536977968,0.294923344167,0.00732758634178,0.000331127467867,27.5768563894,-2.67080283323,6.0692931747
2016-03-23 20:22:28,52.27452366666667,-40.28542733333333,107.9,4.425,34.793,0.0480000004172,0.000229319997743,0.996964260155,0.00760391022542,0.016536977968,0.294923344167,0.0125000001798,0.000417603784936,27.5789196019,0.392361270008,7.50024995079
2016-03-23 20:22:28,52.27452366666667,-40.28542733333333,108.6,4.425,34.793,0.0360000003129,0.000254799997492,0.959245332914,0.00787645584164,0.015446866603,0.265020780185,0.00732758634178,0.000374364878572,27.5789264824,-1.13924727122,6.78475918813
2016-03-23 20:22:28,52.27452366666667,-40.28542733333333,109.3,4.427,34.793,0.0360000003129,0.000254799997492,0.890399481565,0.00781141228674,0.0139355238528,0.240951701604,0.00732758634178,0.000374367933255,27.5787150429,-1.13913906825,6.78480973513
2016-03-23 20:22:28,52.27452366666667,-40.28542733333333,109.9,4.427,34.793,0.0360000003129,0.000229319997743,0.890399481565,0.00781141228674,0.0139355238528,0.240951701604,0.00732758634178,0.000331129026891,27.5787209438,-2.67074760948,6.06931897247
2016-03-23 20:22:28,52.27452366666667,-40.28542733333333,110.4,4.427,34.793,0.0360000003129,0.000229319997743,0.890399481565,0.00781141228674,0.0139355238528,0.240951701604,0.00732758634178,0.000331129026891,27.5787258616,-2.67074760948,6.06931897247
2016-03-23 20:22:28,52.27452366666667,-40.28542733333333,111.0,4.431,34.794,0.0480000004172,0.000210209997931,0.86118483224,0.00785771130133,0.0137891080556,0.232356543559,0.0125000001798,0.000309513656132,27.5790892227,-3.43640727248,5.71164114457
2016-03-23 20:22:28,52.27452366666667,-40.28542733333333,112.1,4.429,34.794,0.0480000004172,0.000210209997931,0.780029949214,0.00766389275444,0.0135039976068,0.196881140985,0.0125000001798,0.000309510602113,27.5793184628,-3.43651545196,5.71159060854
2016-03-23 20:22:28,52.27452366666667,-40.28542733333333,112.6,4.429,34.794,0.0480000004172,0.000242059997618,0.780029949214,0.00766389275444,0.0135039976068,0.196881140985,0.0125000001798,0.000352749508477,27.5793233844,-1.90490691074,6.4270813712
2016-03-23 20:22:28,52.27452366666667,-40.28542733333333,113.3,4.429,34.795,0.0480000004172,0.000242059997618,0.732033039909,0.00787476883302,0.0125943322731,0.176316672599,0.0125000001798,0.000352747482575,27.5801245115,-1.90497867223,6.42704784783
2016-03-23 20:22:28,52.27452366666667,-40.28542733333333,114.0,4.438,34.796,0.0600000005215,0.000229319997743,0.732033039909,0.00787476883302,0.0125943322731,0.176316672599,0.0176724140179,0.000374378650551,27.5799424057,-1.13875944017,6.78498707835
2016-03-23 20:22:28,52.27452366666667,-40.28542733333333,114.5,4.438,34.796,0.0600000005215,0.000229319997743,0.725009488222,0.00731599408613,0.0126020534187,0.174376212246,0.0176724140179,0.000374378650551,27.579947337,-1.13875944017,6.78498707835
2016-03-23 20:22:28,52.27452366666667,-40.28542733333333,115.3,4.444,34.796,0.0360000003129,0.000229319997743,0.725009488222,0.00731599408613,0.0126020534187,0.174376212246,0.00732758634178,0.000309529447509,27.579299223,-3.43584791032,5.71190245054
2016-03-23 20:22:28,52.27452366666667,-40.28542733333333,116.0,4.451,34.797,0.0360000003129,0.000222949997806,0.726129930796,0.00753380564463,0.0128139559689,0.167074604775,0.00732758634178,0.000331157553863,27.5793344504,-2.66973712708,6.06979101922
2016-03-23 20:22:28,52.27452366666667,-40.28542733333333,116.5,4.451,34.797,0.0360000003129,0.000222949997806,0.726129930796,0.00753380564463,0.0128139559689,0.167074604775,0.00732758634178,0.000331157553863,27.5793393948,-2.66973712708,6.06979101922
2016-03-23 20:22:28,52.27452366666667,-40.28542733333333,117.3,4.456,34.798,0.0360000003129,0.000216579997868,0.70690820394,0.00802041391129,0.0129054658421,0.159534407294,0.00732758634178,0.000331163153594,27.5795940733,-2.66953877341,6.06988368011
2016-03-23 20:22:28,52.27452366666667,-40.28542733333333,117.8,4.456,34.798,0.0360000003129,0.000216579997868,0.70690820394,0.00802041391129,0.0129054658421,0.159534407294,0.00732758634178,0.000331163153594,27.5795990233,-2.66953877341,6.06988368011
2016-03-23 20:22:28,52.27452366666667,-40.28542733333333,118.6,4.482,34.803,0.0600000005215,0.000229319997743,0.698475190922,0.00861161671292,0.0111484762759,0.168427063142,0.0176724140179,0.000309573192149,27.5807262185,-3.43429838771,5.71262630986
2016-03-23 20:22:28,52.27452366666667,-40.28542733333333,119.0,4.482,34.803,0.0600000005215,0.000229319997743,0.698475190922,0.00861161671292,0.0111484762759,0.168427063142,0.0176724140179,0.000309573192149,27.5807301983,-3.43429838771,5.71262630986
2016-03-23 20:22:28,52.27452366666667,-40.28542733333333,119.8,4.485,34.805,0.0480000004172,0.000229319997743,0.749730489764,0.00810607646054,0.00989336117075,0.183684719452,0.0125000001798,0.000352812616823,27.5819968137,-1.9026714869,6.4281256492
2016-03-23 20:22:28,52.27452366666667,-40.28542733333333,120.6,4.474,34.807,0.0480000004172,0.000229319997743,0.776446908471,0.00798779841113,0.0103980953153,0.196168060808,0.0125000001798,0.000352791815605,27.5848008338,-1.90340830764,6.42778144347
2016-03-23 20:22:28,52.27452366666667,-40.28542733333333,121.0,4.474,34.807,0.0600000005215,0.000216579997868,0.776446908471,0.00798779841113,0.0103980953153,0.196168060808,0.0176724140179,0.000309552909241,27.5848048099,-3.43501684886,5.71229068081
2016-03-23 20:22:28,52.27452366666667,-40.28542733333333,121.7,4.486,34.807,0.0600000005215,0.000216579997868,1.13842508416,0.00807702242305,0.0134124877336,0.378059992868,0.0176724140179,0.000309571183782,27.5834940494,-3.43436952807,5.71259307665
2016-03-23 20:22:28,52.27452366666667,-40.28542733333333,122.2,4.486,34.807,0.0480000004172,0.000222949997806,1.13842508416,0.00807702242305,0.0134124877336,0.378059992868,0.0125000001798,0.000331190636964,27.583499031,-2.66856525746,6.07033845798
2016-03-23 20:22:28,52.27452366666667,-40.28542733333333,123.2,4.399,34.802,0.0480000004172,0.000222949997806,1.07768759463,0.00834431956798,0.012662106773,0.349192753518,0.0125000001798,0.000331067991855,27.5890523148,-2.6729095925,6.06830900234
2016-03-23 20:22:28,52.27452366666667,-40.28542733333333,124.3,4.349,34.799,0.0600000005215,0.000229319997743,1.038483982,0.00854657315801,0.0123904368368,0.33037911081,0.0176724140179,0.000352616923114,27.5921070774,-1.90960334944,6.42488743037
2016-03-23 20:22:28,52.27452366666667,-40.28542733333333,124.7,4.349,34.799,0.0600000005215,0.000229319997743,1.038483982,0.00854657315801,0.0123904368368,0.33037911081,0.0176724140179,0.000352616923114,27.5921109681,-1.90960334944,6.42488743037
2016-03-23 20:22:28,52.27452366666667,-40.28542733333333,125.8,4.295,34.795,0.0480000004172,0.000210209997931,0.963770653984,0.0082689665159,0.0128113822537,0.299608262101,0.0125000001798,0.000352542061043,27.5947711611,-1.91225511372,6.42364865898
2016-03-23 20:22:28,52.27452366666667,-40.28542733333333,126.4,4.237,34.797,0.0720000006258,0.000229319997743,0.963770653984,0.0082689665159,0.0128113822537,0.299608262101,0.022844827856,0.000330829145378,27.6025872068,-2.68137001241,6.06435671811
2016-03-23 20:22:28,52.27452366666667,-40.28542733333333,127.1,4.202,34.795,0.0720000006258,0.000229319997743,0.933004013531,0.00771019176902,0.0117864716734,0.290263172886,0.022844827856,0.000330779110685,27.6047392297,-2.68314234133,6.06352877484
2016-03-23 20:22:28,52.27452366666667,-40.28542733333333,128.1,4.201,34.794,0.0720000006258,0.000203839997994,0.963081759963,0.00776511327216,0.011506508655,0.305331194521,0.022844827856,0.000352399047012,27.6040607864,-1.91732095673,6.42128215097
2016-03-23 20:22:28,52.27452366666667,-40.28542733333333,128.6,4.201,34.794,0.0720000006258,0.000203839997994,0.963081759963,0.00776511327216,0.011506508655,0.305331194521,0.022844827856,0.000352399047012,27.604065744,-1.91732095673,6.42128215097
2016-03-23 20:22:28,52.27452366666667,-40.28542733333333,129.5,4.18,34.795,0.0840000007302,0.000229319997743,0.945562472354,0.00695797336606,0.011595444813,0.293804365089,0.028017241694,0.000352364506743,27.6071029546,-1.91854444216,6.42071059989
2016-03-23 20:22:28,52.27452366666667,-40.28542733333333,129.9,4.18,34.795,0.0840000007302,0.000229319997743,0.945562472354,0.00695797336606,0.011595444813,0.293804365089,0.028017241694,0.000352364506743,27.6071069075,-1.91854444216,6.42071059989
2016-03-23 20:22:28,52.27452366666667,-40.28542733333333,130.9,4.166,34.797,0.0720000006258,0.000248429997555,0.880588680504,0.00768976022008,0.0099822973288,0.275834260455,0.022844827856,0.000330719296783,27.6101927001,-2.68526106935,6.06253901128
2016-03-23 20:22:28,52.27452366666667,-40.28542733333333,131.6,4.143,34.796,0.0720000006258,0.000210209997931,0.880588680504,0.00768976022008,0.0099822973288,0.275834260455,0.022844827856,0.000352305101087,27.6118409916,-1.9206487093,6.41972759172
2016-03-23 20:22:28,52.27452366666667,-40.28542733333333,132.1,4.143,34.796,0.0720000006258,0.000210209997931,0.868244016377,0.00807008694313,0.0103797933407,0.258830889188,0.022844827856,0.000352305101087,27.6118459033,-1.9206487093,6.41972759172
2016-03-23 20:22:28,52.27452366666667,-40.28542733333333,132.6,4.132,34.797,0.0960000008345,0.000216579997868,0.868244016377,0.00807008694313,0.0103797933407,0.258830889188,0.0331896555321,0.000373905441952,27.6138088155,-1.15552143516,6.77715671422
2016-03-23 20:22:28,52.27452366666667,-40.28542733333333,133.4,4.159,34.798,0.0960000008345,0.000216579997868,0.842976650611,0.00814206597795,0.0106019907517,0.250447153632,0.0331896555321,0.000373945317899,27.6117544707,-1.15410894937,6.77781655681
2016-03-23 20:22:28,52.27452366666667,-40.28542733333333,134.4,4.199,34.805,0.0720000006258,0.000229319997743,0.826942048393,0.00807008694313,0.0108241881626,0.242857731832,0.022844827856,0.000352373620574,27.6130795992,-1.91822161203,6.42086140995
2016-03-23 20:22:28,52.27452366666667,-40.28542733333333,134.7,4.199,34.805,0.0720000006258,0.000229319997743,0.826942048393,0.00807008694313,0.0108241881626,0.242857731832,0.022844827856,0.000352373620574,27.6130825771,-1.91822161203,6.42086140995
2016-03-23 20:22:28,52.27452366666667,-40.28542733333333,135.5,4.241,34.813,0.0720000006258,0.000216579997868,0.826942048393,0.00807008694313,0.0108241881626,0.242857731832,0.022844827856,0.000503758478611,27.6149662738,3.44413282937,8.92588470125
2016-03-23 20:22:28,52.27452366666667,-40.28542733333333,136.1,4.222,34.809,0.0840000007302,0.000229319997743,0.847719725539,0.00776680028078,0.0101704645057,0.249394613937,0.028017241694,0.000309162166065,27.6138237212,-3.44885775364,5.70582490366
2016-03-23 20:22:28,52.27452366666667,-40.28542733333333,136.6,4.222,34.809,0.0840000007302,0.000229319997743,0.81590390741,0.00765714471992,0.0105496585429,0.23465098864,0.028017241694,0.000309162166065,27.6138287063,-3.44885775364,5.70582490366
2016-03-23 20:22:28,52.27452366666667,-40.28542733333333,137.0,4.239,34.81,0.0840000007302,0.000229319997743,0.81590390741,0.00765714471992,0.0105496585429,0.23465098864,0.028017241694,0.000309186399116,27.6128109716,-3.44799937052,5.70622589724
2016-03-23 20:22:28,52.27452366666667,-40.28542733333333,137.6,4.239,34.81,0.0720000006258,0.00023568999768,0.742675264788,0.00771375323168,0.00935488276039,0.204025392023,0.022844827856,0.000374044758662,27.6128169722,-1.15058655868,6.77946204123
2016-03-23 20:22:28,52.27452366666667,-40.28542733333333,138.2,4.24,34.808,0.0840000007302,0.000229319997743,0.783430868548,0.00739490860087,0.00960567700674,0.219826398752,0.028017241694,0.000330811454645,27.6111265155,-2.68199665357,6.06406398276
2016-03-23 20:22:28,52.27452366666667,-40.28542733333333,138.5,4.24,34.808,0.0840000007302,0.000229319997743,0.783430868548,0.00739490860087,0.00960567700674,0.219826398752,0.028017241694,0.000330811454645,27.6111295166,-2.68199665357,6.06406398276
2016-03-23 20:22:28,52.27452366666667,-40.28542733333333,139.1,4.24,34.808,0.0600000005215,0.000229319997743,0.820607390727,0.00768113773153,0.00993511255041,0.23598650093,0.0176724140179,0.000330811454645,27.6111355192,-2.68199665357,6.06406398276
2016-03-23 20:22:28,52.27452366666667,-40.28542733333333,139.7,4.256,34.815,0.0480000004172,0.000222949997806,0.771379182338,0.00795012188509,0.0102699814928,0.206998756141,0.0125000001798,0.000287583039258,27.6149916672,-4.2132335834,5.34874681832
2016-03-23 20:22:28,52.27452366666667,-40.28542733333333,140.0,4.256,34.815,0.0480000004172,0.000222949997806,0.771379182338,0.00795012188509,0.0102699814928,0.206998756141,0.0125000001798,0.000287583039258,27.6149946781,-4.2132335834,5.34874681832
2016-03-23 20:22:28,52.27452366666667,-40.28542733333333,140.6,4.256,34.815,0.0600000005215,0.000216579997868,0.748503149841,0.00789370081874,0.00947241575384,0.201849031513,0.0176724140179,0.00030920249244,27.6150007003,-3.44742931278,5.70649219965
2016-03-23 20:22:28,52.27452366666667,-40.28542733333333,141.2,4.308,34.825,0.0840000007302,0.00023568999768,0.750059100131,0.00735723207483,0.00937833216541,0.204573853163,0.028017241694,0.000309262318377,27.6173641134,-3.44531015845,5.70748216236
2016-03-23 20:22:28,52.27452366666667,-40.28542733333333,141.5,4.308,34.825,0.0840000007302,0.00023568999768,0.750059100131,0.00735723207483,0.00937833216541,0.204573853163,0.028017241694,0.000309262318377,27.6173671531,-3.44531015845,5.70748216236
2016-03-23 20:22:28,52.27452366666667,-40.28542733333333,142.2,4.323,34.828,0.0360000003129,0.000248429997555,0.745351657652,0.00790738433317,0.00982272698734,0.200698043178,0.00732758634178,0.000352518208288,27.6181395342,-1.91310002601,6.4232539583
2016-03-23 20:22:28,52.27452366666667,-40.28542733333333,142.8,4.323,34.828,0.0720000006258,0.000229319997743,0.742853427035,0.0075439276964,0.0102096421701,0.206130471414,0.022844827856,0.000309279301924,27.6181456308,-3.44470856724,5.70776319563
2016-03-23 20:22:28,52.27452366666667,-40.28542733333333,143.1,4.326,34.829,0.0720000006258,0.000229319997743,0.742853427035,0.0075439276964,0.0102096421701,0.206130471414,0.022844827856,0.000309281885702,27.6186192064,-3.44461704466,5.70780595039
2016-03-23 20:22:28,52.27452366666667,-40.28542733333333,143.6,4.326,34.829,0.0600000005215,0.000254799997492,0.753024511751,0.00721664802245,0.00906205116602,0.198543739467,0.0176724140179,0.000330901338884,27.6186242904,-2.67881277405,6.06555133173
2016-03-23 20:22:28,52.27452366666667,-40.28542733333333,144.0,4.327,34.829,0.0600000005215,0.000254799997492,0.753024511751,0.00721664802245,0.00906205116602,0.198543739467,0.0176724140179,0.000330902875649,27.618520333,-2.67875833877,6.06557676116
2016-03-23 20:22:28,52.27452366666667,-40.28542733333333,144.6,4.327,34.829,0.0600000005215,0.000222949997806,0.697715032002,0.00724064103406,0.00951159341832,0.173461393052,0.0176724140179,0.000417380688377,27.6185264357,0.384458743686,7.49655828648
2016-03-23 20:22:28,52.27452366666667,-40.28542733333333,145.2,4.335,34.829,0.0600000005215,0.000254799997492,0.709913207171,0.00733492607186,0.0094255169438,0.183099407319,0.0176724140179,0.00063358751115,27.6176679327,8.04293681995,11.0742154829
2016-03-23 20:22:28,52.27452366666667,-40.28542733333333,145.5,4.335,34.829,0.0600000005215,0.000254799997492,0.709913207171,0.00733492607186,0.0094255169438,0.183099407319,0.0176724140179,0.00063358751115,27.6176709887,8.04293681995,11.0742154829
2016-03-23 20:22:28,52.27452366666667,-40.28542733333333,146.0,4.335,34.829,0.0720000006258,0.000229319997743,0.726494173612,0.00788170431293,0.00899656441299,0.199215126914,0.022844827856,0.000330915166602,27.6176760823,-2.67832296864,6.06578014427
2016-03-23 20:22:28,52.27452366666667,-40.28542733333333,146.3,4.342,34.831,0.0720000006258,0.000229319997743,0.726494173612,0.00788170431293,0.00899656441299,0.199215126914,0.022844827856,0.000330921863286,27.6185109773,-2.67808575869,6.06589095687
2016-03-23 20:22:28,52.27452366666667,-40.28542733333333,146.9,4.342,34.831,0.0720000006258,0.000229319997743,0.736807788125,0.00816437198093,0.00983073410125,0.19936011002,0.022844827856,0.00059035530147,27.6185170982,6.51156548867,10.3588355328
2016-03-23 20:22:28,52.27452366666667,-40.28542733333333,147.6,4.319,34.828,0.0720000006258,0.000216579997868,0.726383317103,0.00769650825459,0.00951159341832,0.191197749412,0.022844827856,0.000330892606189,27.618626229,-2.67912210358,6.06540682847
2016-03-23 20:22:28,52.27452366666667,-40.28542733333333,148.5,4.327,34.83,0.0720000006258,0.000242059997618,0.70625890153,0.00713267248182,0.0093443019313,0.189896667249,0.022844827856,0.000330900848707,27.6193606448,-2.6788301371,6.06554322058
2016-03-23 20:22:28,52.27452366666667,-40.28542733333333,149.3,4.316,34.829,0.0840000007302,0.000229319997743,0.698586047431,0.00759022671099,0.00894165848904,0.182383637289,0.028017241694,0.000352505419581,27.6197617853,-1.91355302762,6.42304233864
2016-03-23 20:22:28,52.27452366666667,-40.28542733333333,149.6,4.316,34.829,0.0840000007302,0.000229319997743,0.698586047431,0.00759022671099,0.00894165848904,0.182383637289,0.028017241694,0.000352505419581,27.6197648334,-1.91355302762,6.42304233864
2016-03-23 20:22:28,52.27452366666667,-40.28542733333333,150.3,4.313,34.828,0.0720000006258,0.00023568999768,0.693660851096,0.00728356603138,0.00893651105867,0.185376637338,0.022844827856,0.000330883380173,27.619300999,-2.6794489075,6.06525416206
2016-03-23 20:22:28,52.27452366666667,-40.28542733333333,150.9,4.313,34.828,0.108000000939,0.00023568999768,0.719363724577,0.00797936336799,0.00912725195071,0.190174798106,0.0383620693702,0.000914608616088,27.6193070931,17.9972663991,15.724379458
2016-03-23 20:22:28,52.27452366666667,-40.28542733333333,151.7,4.314,34.826,0.0840000007302,0.000222949997806,0.712193683931,0.00751824767617,0.00950387227276,0.183151052508,0.028017241694,0.000309269519392,27.6176180588,-3.4450550841,5.70760132032
2016-03-23 20:22:28,52.27452366666667,-40.28542733333333,152.4,4.302,34.823,0.0720000006258,0.000229319997743,0.704049689669,0.00766051873718,0.0101601696449,0.180428382741,0.022844827856,0.000330876595209,27.6165346227,-2.67968924452,6.06514188864
2016-03-23 20:22:28,52.27452366666667,-40.28542733333333,153.3,4.25,34.813,0.0840000007302,0.00023568999768,0.704049689669,0.00756454669075,0.0106463158465,0.187535782785,0.028017241694,0.000330816745462,27.6141808875,-2.68180924225,6.06415153194
2016-03-23 20:22:28,52.27452366666667,-40.28542733333333,154.0,4.036,34.799,0.0840000007302,0.000222949997806,0.688957367779,0.00774112026055,0.00951159341832,0.180482717783,0.028017241694,0.000352132397042,27.6256943203,-1.92676623198,6.41686979167
2016-03-23 20:22:28,52.27452366666667,-40.28542733333333,154.4,4.036,34.799,0.0840000007302,0.000222949997806,0.688957367779,0.00774112026055,0.00951159341832,0.180482717783,0.028017241694,0.000352132397042,27.6256980902,-1.92676623198,6.41686979167
2016-03-23 20:22:28,52.27452366666667,-40.28542733333333,155.0,4.026,34.794,0.0720000006258,0.000229319997743,0.672340768888,0.00740859211531,0.0101418676703,0.166651490811,0.022844827856,0.000308888035795,27.6227714404,-3.45856799607,5.70128876497
2016-03-23 20:22:28,52.27452366666667,-40.28542733333333,155.7,4.026,34.794,0.0840000007302,0.000248429997555,0.659057783594,0.0076262162284,0.00938347959578,0.156423322674,0.028017241694,0.000352126942159,27.6227780257,-1.92695945485,6.41677952763
2016-03-23 20:22:28,52.27452366666667,-40.28542733333333,156.4,3.978,34.788,0.0960000008345,0.000229319997743,0.568092099507,0.00751149964165,0.00854702216069,0.106514434918,0.0331896555321,0.000330444588308,27.6230073267,-2.69499179295,6.05799330481
2016-03-23 20:22:28,52.27452366666667,-40.28542733333333,156.6,3.978,34.788,0.0960000008345,0.000229319997743,0.568092099507,0.00751149964165,0.00854702216069,0.106514434918,0.0331896555321,0.000330444588308,27.623009192,-2.69499179295,6.05799330481
2016-03-23 20:22:28,52.27452366666667,-40.28542733333333,157.4,3.921,34.782,0.0840000007302,0.000248429997555,0.537974761465,0.00763315170832,0.00780436234567,0.0936375679878,0.028017241694,0.000481703525352,27.6241384978,2.662902275,8.56093293315
2016-03-23 20:22:28,52.27452366666667,-40.28542733333333,158.2,3.877,34.781,0.0960000008345,0.000229319997743,0.553938098784,0.00737428960652,0.00813637160452,0.0920513613473,0.0331896555321,0.000308680694398,27.6278738181,-3.46591244305,5.69785780737
2016-03-23 20:22:28,52.27452366666667,-40.28542733333333,158.5,3.877,34.781,0.0960000008345,0.000229319997743,0.553938098784,0.00737428960652,0.00813637160452,0.0920513613473,0.0331896555321,0.000308680694398,27.6278765658,-3.46591244305,5.69785780737
2016-03-23 20:22:28,52.27452366666667,-40.28542733333333,159.1,3.855,34.778,0.0960000008345,0.000222949997806,0.540037484368,0.0081096379232,0.00861479666056,0.0860381937288,0.0331896555321,0.000330271574238,27.6277477988,-2.70112029736,6.05513037465
2016-03-23 20:22:28,52.27452366666667,-40.28542733333333,159.7,3.855,34.778,0.120000001043,0.000242059997618,0.50054485298,0.00746520062707,0.00797165383269,0.0782029193132,0.0435344832082,0.000373510480602,27.6277532726,-1.16951175613,6.77062113731
2016-03-23 20:22:28,52.27452366666667,-40.28542733333333,160.6,3.86,34.779,0.108000000939,0.000229319997743,0.494028073906,0.0079210678476,0.00733623215037,0.0749543831768,0.0383620693702,0.000308657970311,27.6280457484,-3.46671737565,5.69748178319
2016-03-23 20:22:28,52.27452366666667,-40.28542733333333,161.4,3.882,34.782,0.0840000007302,0.00023568999768,0.485666325786,0.00725095053123,0.00831681763582,0.0727949687441,0.028017241694,0.000351925441012,27.6281859941,-1.93409702849,6.41344521088
2016-03-23 20:22:28,52.27452366666667,-40.28542733333333,161.7,3.882,34.782,0.0840000007302,0.00023568999768,0.485666325786,0.00725095053123,0.00831681763582,0.0727949687441,0.028017241694,0.000351925441012,27.6281887459,-1.93409702849,6.41344521088
2016-03-23 20:22:28,52.27452366666667,-40.28542733333333,162.4,3.853,34.78,0.0840000007302,0.000242059997618,0.478535876751,0.00739828261813,0.00797422754787,0.0706971519579,0.028017241694,0.000373503250513,27.6295739989,-1.16976786032,6.77050149827
2016-03-23 20:22:28,52.27452366666667,-40.28542733333333,163.0,3.853,34.78,0.108000000939,0.00023568999768,0.49373905515,0.00766914122573,0.00827249254097,0.068660932818,0.0383620693702,0.000351883797331,27.6295794743,-1.93557213094,6.41275611694
2016-03-23 20:22:28,52.27452366666667,-40.28542733333333,163.5,3.834,34.783,0.0960000008345,0.000242059997618,0.49373905515,0.00766914122573,0.00827249254097,0.068660932818,0.0331896555321,0.000373467143961,27.6339121073,-1.17104682661,6.76990402931
2016-03-23 20:22:28,52.27452366666667,-40.28542733333333,164.1,3.867,34.785,0.0960000008345,0.000242059997618,0.477451066626,0.00793812537929,0.00806316370593,0.0688919912382,0.0331896555321,0.000373515145003,27.6321356478,-1.1693465337,6.77069832095
2016-03-23 20:22:28,52.27452366666667,-40.28542733333333,164.7,3.867,34.785,0.108000000939,0.00023568999768,0.454499810069,0.00807702242305,0.009020013818,0.0600681956417,0.0383620693702,0.000330276238639,27.63214114,-2.70095507492,6.05520755829
2016-03-23 20:22:28,52.27452366666667,-40.28542733333333,165.3,3.884,34.787,0.132000001147,0.00023568999768,0.454499810069,0.00807702242305,0.009020013818,0.0600681956417,0.0487068970463,0.000351918407878,27.6319950953,-1.93434615616,6.41332883092
2016-03-23 20:22:28,52.27452366666667,-40.28542733333333,165.7,3.884,34.787,0.132000001147,0.00023568999768,0.450809871978,0.00792969033615,0.0081049150856,0.0580440808428,0.0487068970463,0.000351918407878,27.6319987689,-1.93434615616,6.41332883092
2016-03-23 20:22:28,52.27452366666667,-40.28542733333333,166.4,3.901,34.787,0.108000000939,0.000229319997743,0.448782781525,0.00884479879448,0.00792990245302,0.0533960139026,0.0383620693702,0.000373564625296,27.6302587413,-1.16759384277,6.77151709033
2016-03-23 20:22:28,52.27452366666667,-40.28542733333333,167.2,3.898,34.791,0.0840000007302,0.000229319997743,0.447804868748,0.00807177395176,0.00863309863521,0.0497808507269,0.028017241694,0.000373551758935,27.63375724,-1.16804959502,6.77130418572
2016-03-23 20:22:28,52.27452366666667,-40.28542733333333,167.4,3.898,34.791,0.0840000007302,0.000229319997743,0.447804868748,0.00807177395176,0.00863309863521,0.0497808507269,0.028017241694,0.000373551758935,27.6337590824,-1.16804959502,6.77130418572
2016-03-23 20:22:28,52.27452366666667,-40.28542733333333,168.2,3.864,34.79,0.0960000008345,0.00023568999768,0.430645864794,0.00863560972453,0.00853901504678,0.0415988541882,0.0331896555321,0.000416739136239,27.6364592058,0.361733683872,7.48594227728
2016-03-23 20:22:28,52.27452366666667,-40.28542733333333,168.9,3.89,34.792,0.108000000939,0.00023568999768,0.433868621882,0.00813175648078,0.00835084786993,0.0395602141801,0.0383620693702,0.000438395487618,27.6353906533,1.12884496239,7.84429822721
2016-03-23 20:22:28,52.27452366666667,-40.28542733333333,169.3,3.89,34.792,0.108000000939,0.00023568999768,0.433868621882,0.00813175648078,0.00835084786993,0.0395602141801,0.0383620693702,0.000438395487618,27.635394334,1.12884496239,7.84429822721
2016-03-23 20:22:28,52.27452366666667,-40.28542733333333,169.9,3.89,34.792,0.0960000008345,0.000210209997931,0.431299126366,0.00742227562974,0.00869057827434,0.0353129354193,0.0331896555321,0.000330298221708,27.6353998555,-2.70017639068,6.05557132055
2016-03-23 20:22:28,52.27452366666667,-40.28542733333333,170.7,3.924,34.794,0.108000000939,0.000222949997806,0.413562084901,0.00789538782737,0.00886072944489,0.0359106208789,0.0383620693702,0.000351967091427,27.6334994224,-1.93262168749,6.41413441627
2016-03-23 20:22:28,52.27452366666667,-40.28542733333333,171.4,3.945,34.798,0.0960000008345,0.000229319997743,0.437633784032,0.00748919363867,0.00853901504678,0.0325509937907,0.0331896555321,0.00033037248355,27.6345199824,-2.69754588771,6.05680015973
2016-03-23 20:22:28,52.27452366666667,-40.28542733333333,172.1,3.945,34.798,0.0960000008345,0.00023568999768,0.422901745797,0.00775817779224,0.00775203013691,0.031168947035,0.0331896555321,0.00043846974946,27.6345264922,1.13147546536,7.84552706638
2016-03-23 20:22:28,52.27452366666667,-40.28542733333333,172.6,3.933,34.796,0.0960000008345,0.00023568999768,0.422901745797,0.00775817779224,0.00775203013691,0.031168947035,0.0331896555321,0.000438454974946,27.6341796513,1.13095212255,7.84528258685
2016-03-23 20:22:28,52.27452366666667,-40.28542733333333,173.0,3.933,34.796,0.108000000939,0.000242059997618,0.422648359491,0.00866991223331,0.00741487344769,0.0310115906022,0.0383620693702,0.000351977162218,27.6341833635,-1.9322649599,6.41430106152
2016-03-23 20:22:28,52.27452366666667,-40.28542733333333,173.7,3.902,34.795,0.108000000939,0.000248429997555,0.413019679838,0.00748225815876,0.00763964457384,0.0332619220849,0.0383620693702,0.000351930456457,27.6365885189,-1.93391937138,6.41352820338
2016-03-23 20:22:28,52.27452366666667,-40.28542733333333,174.5,3.916,34.797,0.0840000007302,0.000254799997492,0.418518954524,0.00755423719358,0.00829594194599,0.03398495472,0.028017241694,0.000373567860885,27.6367460332,-1.16747923173,6.77157063086
2016-03-23 20:22:28,52.27452366666667,-40.28542733333333,175.4,3.92,34.797,0.108000000939,0.000229319997743,0.427787350522,0.00877450676828,0.00869057827434,0.0382518694118,0.0383620693702,0.000373574150049,27.6363421697,-1.16725645698,6.77167470006
2016-03-23 20:22:28,52.27452366666667,-40.28542733333333,175.6,3.92,34.797,0.108000000939,0.000229319997743,0.427787350522,0.00877450676828,0.00869057827434,0.0382518694118,0.0383620693702,0.000373574150049,27.6363440224,-1.16725645698,6.77167470006
2016-03-23 20:22:28,52.27452366666667,-40.28542733333333,176.4,3.907,34.796,0.0840000007302,0.00023568999768,0.420546044978,0.00840092807974,0.00839517296478,0.0386451260013,0.028017241694,0.000330316834607,27.6368951067,-2.69951708456,6.05587931533
2016-03-23 20:22:28,52.27452366666667,-40.28542733333333,177.0,3.907,34.796,0.0840000007302,0.000248429997555,0.421559590204,0.00760391022542,0.00729190705552,0.0387287804468,0.028017241694,0.000330316834607,27.6369012719,-2.69951708456,6.05587931533
2016-03-23 20:22:28,52.27452366666667,-40.28542733333333,177.7,3.864,34.793,0.0840000007302,0.000248429997555,0.421559590204,0.00760391022542,0.00729190705552,0.0387287804468,0.028017241694,0.000330255212869,27.6389353174,-2.70169984977,6.0548596368
2016-03-23 20:22:28,52.27452366666667,-40.28542733333333,178.1,3.864,34.793,0.0840000007302,0.00023568999768,0.440310176896,0.00776511327216,0.00863309863521,0.0392207546617,0.028017241694,0.000373494119233,27.6389393993,-1.17009130854,6.77035039947
2016-03-23 20:22:28,52.27452366666667,-40.28542733333333,178.8,3.839,34.79,0.0960000008345,0.00023568999768,0.428907793097,0.00763146469969,0.00825933799669,0.0377303068078,0.0331896555321,0.000373460777872,27.6391150258,-1.17127232622,6.76979868719
2016-03-23 20:22:28,52.27452366666667,-40.28542733333333,179.4,3.835,34.789,0.108000000939,0.000242059997618,0.409472271545,0.0075611726735,0.00809976765523,0.0366064859932,0.0383620693702,0.000373456497877,27.6387335087,-1.17142393221,6.76972786447
2016-03-23 20:22:28,52.27452366666667,-40.28542733333333,179.8,3.835,34.789,0.108000000939,0.000242059997618,0.409472271545,0.0075611726735,0.00809976765523,0.0366064859932,0.0383620693702,0.000373456497877,27.6387375718,-1.17142393221,6.76972786447
2016-03-23 20:22:28,52.27452366666667,-40.28542733333333,180.5,3.833,34.789,0.0960000008345,0.000242059997618,0.413740247147,0.00724232804269,0.00706456221419,0.0338397026282,0.0331896555321,0.000416692244997,27.638948717,0.360072702283,7.48516634991
2016-03-23 20:22:28,52.27452366666667,-40.28542733333333,181.4,3.826,34.789,0.0960000008345,0.000222949997806,0.413486860841,0.00796736686219,0.00778348665584,0.0309303570248,0.0331896555321,0.000308583918922,27.639671591,-3.46934042393,5.69625642647
2016-03-23 20:22:28,52.27452366666667,-40.28542733333333,182.3,3.827,34.789,0.108000000939,0.00023568999768,0.412330785817,0.0082980205534,0.00826963285743,0.031771474231,0.0383620693702,0.000330204952396,27.6395787983,-2.70348017624,6.05402795749
2016-03-23 20:22:28,52.27452366666667,-40.28542733333333,182.5,3.827,34.789,0.108000000939,0.00023568999768,0.412330785817,0.0082980205534,0.00826963285743,0.031771474231,0.0383620693702,0.000330204952396,27.6395808281,-2.70348017624,6.05402795749
2016-03-23 20:22:28,52.27452366666667,-40.28542733333333,183.3,3.832,34.79,0.0720000006258,0.000248429997555,0.411930910552,0.00799979491694,0.00791932162393,0.0302124351114,0.022844827856,0.000330210814955,27.639875009,-2.70327251266,6.05412496751
2016-03-23 20:22:28,52.27452366666667,-40.28542733333333,184.0,3.832,34.79,0.0840000007302,0.000222949997806,0.425360384804,0.00763315170832,0.00725530310623,0.02840216367,0.028017241694,0.000373449721319,27.6398821208,-1.17166397143,6.76961573017
2016-03-23 20:22:28,52.27452366666667,-40.28542733333333,184.6,3.835,34.79,0.0840000007302,0.000222949997806,0.425360384804,0.00763315170832,0.00725530310623,0.02840216367,0.028017241694,0.000373454460377,27.639582196,-1.17149610452,6.76969414918
2016-03-23 20:22:28,52.27452366666667,-40.28542733333333,185.0,3.835,34.79,0.120000001043,0.000242059997618,0.401652928488,0.00727156952558,0.00832739846491,0.0287884266403,0.0435344832082,0.000330215554013,27.6395862625,-2.70310464574,6.05420338652
2016-03-23 20:22:28,52.27452366666667,-40.28542733333333,185.9,3.832,34.788,0.0960000008345,0.000242059997618,0.410628346569,0.00790738433317,0.00831167020545,0.0289530456778,0.0331896555321,0.000373453796461,27.6383097158,-1.17151962174,6.76968316311
2016-03-23 20:22:28,52.27452366666667,-40.28542733333333,186.8,3.831,34.791,0.0840000007302,0.000229319997743,0.411028221834,0.00781647331263,0.00757701750434,0.0296884516392,0.028017241694,0.000308587744357,27.640808414,-3.46920491939,5.6963197274
2016-03-23 20:22:28,52.27452366666667,-40.28542733333333,187.5,3.834,34.79,0.108000000939,0.000222949997806,0.413197842085,0.00838893157394,0.00788815107336,0.0303918483435,0.0383620693702,0.000395072333962,27.639713698,-0.405747786382,7.12741339232
2016-03-23 20:22:28,52.27452366666667,-40.28542733333333,187.9,3.834,34.79,0.108000000939,0.000222949997806,0.413197842085,0.00838893157394,0.00788815107336,0.0303918483435,0.0383620693702,0.000395072333962,27.6397177656,-0.405747786382,7.12741339232
2016-03-23 20:22:28,52.27452366666667,-40.28542733333333,188.4,3.828,34.79,0.0840000007302,0.00023568999768,0.40827660491,0.00758853970236,0.00798995580734,0.0288104834394,0.028017241694,0.000330204494961,27.6403346762,-2.70349637948,6.05402038815
2016-03-23 20:22:28,52.27452366666667,-40.28542733333333,188.7,3.828,34.79,0.0840000007302,0.00023568999768,0.40827660491,0.00758853970236,0.00798995580734,0.0288104834394,0.028017241694,0.000330204494961,27.6403377244,-2.70349637948,6.05402038815
2016-03-23 20:22:28,52.27452366666667,-40.28542733333333,189.4,3.82,34.789,0.0840000007302,0.000248429997555,0.413526452451,0.00789538782737,0.00710631359386,0.0309747396085,0.028017241694,0.000330193888482,27.6403640333,-2.70387208219,6.05384487867
2016-03-23 20:22:28,52.27452366666667,-40.28542733333333,190.2,3.825,34.789,0.0840000007302,0.000216579997868,0.405489355537,0.00779416730965,0.00762391631437,0.0346168013197,0.028017241694,0.000308582338542,27.6398628333,-3.46939640417,5.69623027531
2016-03-23 20:22:28,52.27452366666667,-40.28542733333333,190.6,3.825,34.789,0.0840000007302,0.000216579997868,0.405489355537,0.00779416730965,0.00762391631437,0.0346168013197,0.028017241694,0.000308582338542,27.6398668965,-3.46939640417,5.69623027531
2016-03-23 20:22:28,52.27452366666667,-40.28542733333333,191.3,3.819,34.789,0.0960000008345,0.00023568999768,0.444328725353,0.00776680028078,0.00738599064395,0.0517630038103,0.0331896555321,0.000351811760748,27.640485144,-1.93812381079,6.41156409997
2016-03-23 20:22:28,52.27452366666667,-40.28542733333333,192.0,3.819,34.789,0.108000000939,0.000216579997868,0.461087854041,0.00804103290564,0.00825419056632,0.0520704540715,0.0383620693702,0.000308572854384,27.640492249,-3.46973235201,5.69607333731
2016-03-23 20:22:28,52.27452366666667,-40.28542733333333,192.4,3.825,34.791,0.108000000939,0.000216579997868,0.461087854041,0.00804103290564,0.00825419056632,0.0520704540715,0.0383620693702,0.000308578263178,27.6414769397,-3.46954076171,5.6961628387
2016-03-23 20:22:28,52.27452366666667,-40.28542733333333,192.9,3.825,34.791,0.0960000008345,0.000229319997743,0.45971402516,0.00759378817365,0.0079690801175,0.052569690891,0.0331896555321,0.00033019771636,27.6414820209,-2.7037364911,6.05390822003
2016-03-23 20:22:28,52.27452366666667,-40.28542733333333,193.3,3.832,34.791,0.0960000008345,0.000229319997743,0.45971402516,0.00759378817365,0.0079690801175,0.052569690891,0.0331896555321,0.000330208777423,27.640772536,-2.70334468612,6.05409125168
2016-03-23 20:22:28,52.27452366666667,-40.28542733333333,193.9,3.832,34.791,0.0960000008345,0.000216579997868,0.459207252547,0.00826371804462,0.0069101393031,0.0544609269244,0.0331896555321,0.000308589324241,27.6407786412,-3.46914895673,5.69634587035
2016-03-23 20:22:28,52.27452366666667,-40.28542733333333,194.2,3.837,34.792,0.0960000008345,0.000216579997868,0.459207252547,0.00826371804462,0.0069101393031,0.0544609269244,0.0331896555321,0.000308595184914,27.6410675114,-3.46894135996,5.69644284916
2016-03-23 20:22:28,52.27452366666667,-40.28542733333333,194.8,3.837,34.792,0.0960000008345,0.000229319997743,0.466373334032,0.00825528300147,0.00816525440826,0.0537599510884,0.0331896555321,0.000330214638096,27.6410736227,-2.70313708935,6.05418823049
2016-03-23 20:22:28,52.27452366666667,-40.28542733333333,195.2,3.837,34.793,0.0960000008345,0.000229319997743,0.466373334032,0.00825528300147,0.00816525440826,0.0537599510884,0.0331896555321,0.000330212600714,27.6418735445,-2.7032092575,6.05415451715
2016-03-23 20:22:28,52.27452366666667,-40.28542733333333,195.7,3.837,34.793,0.108000000939,0.000248429997555,0.450374364263,0.0075611726735,0.0075375538715,0.0536566607119,0.0383620693702,0.000351832053896,27.6418786382,-1.93740498689,6.41189989848
2016-03-23 20:22:28,52.27452366666667,-40.28542733333333,196.1,3.848,34.795,0.108000000939,0.000248429997555,0.450374364263,0.0075611726735,0.0075375538715,0.0536566607119,0.0383620693702,0.000351845347997,27.6423512112,-1.93693408325,6.41211988106
2016-03-23 20:22:28,52.27452366666667,-40.28542733333333,196.7,3.848,34.795,0.0840000007302,0.000229319997743,0.463586084659,0.00786614634447,0.00807117081984,0.0564947251961,0.028017241694,0.000351845347997,27.6423573358,-1.93693408325,6.41211988106
2016-03-23 20:22:28,52.27452366666667,-40.28542733333333,197.0,3.85,34.795,0.0840000007302,0.000229319997743,0.463586084659,0.00786614634447,0.00807117081984,0.0564947251961,0.028017241694,0.000351848504799,27.6421560284,-1.93682226302,6.41217211787
2016-03-23 20:22:28,52.27452366666667,-40.28542733333333,197.6,3.85,34.795,0.0960000008345,0.000242059997618,0.449432083936,0.00811807296634,0.00815209986399,0.0515639546474,0.0331896555321,0.00136796280435,27.6421621559,34.0559784558,23.2262050404
2016-03-23 20:22:28,52.27452366666667,-40.28542733333333,198.1,3.852,34.796,0.0960000008345,0.000242059997618,0.449432083936,0.00811807296634,0.00815209986399,0.0515639546474,0.0331896555321,0.00136796392379,27.6427586574,34.0560181084,23.2262235641
2016-03-23 20:22:28,52.27452366666667,-40.28542733333333,198.8,3.852,34.796,0.0720000006258,0.000216579997868,0.450049713058,0.0073195555488,0.00729705448589,0.049276772171,0.022844827856,0.00043832743696,27.64276581,1.12643447201,7.84317216689
2016-03-23 20:22:28,52.27452366666667,-40.28542733333333,199.5,3.863,34.798,0.0840000007302,0.000242059997618,0.45670902193,0.00777017429804,0.00725015567586,0.0524295495209,0.028017241694,0.000308623998637,27.6432393897,-3.46792072028,5.69691964088
2016-03-23 20:22:28,52.27452366666667,-40.28542733333333,199.7,3.863,34.798,0.0840000007302,0.000242059997618,0.45670902193,0.00777017429804,0.00725015567586,0.0524295495209,0.028017241694,0.000308623998637,27.6432414375,-3.46792072028,5.69691964088
2016-03-23 20:22:28,52.27452366666667,-40.28542733333333,200.4,3.875,34.799,0.0720000006258,0.000248429997555,0.447369361033,0.00763989974283,0.0079690801175,0.0511728499407,0.022844827856,0.000330260335444,27.6428152426,-2.70151839792,6.05494440202
2016-03-23 20:22:28,52.27452366666667,-40.28542733333333,200.7,3.875,34.799,0.0720000006258,0.000248429997555,0.447369361033,0.00763989974283,0.0079690801175,0.0511728499407,0.022844827856,0.000330260335444,27.6428183208,-2.70151839792,6.05494440202
2016-03-23 20:22:28,52.27452366666667,-40.28542733333333,201.3,3.885,34.801,0.0840000007302,0.000229319997743,0.438936348015,0.00774786829506,0.00779378151658,0.0461608458147,0.028017241694,0.000351891473273,27.6433903404,-1.93530023373,6.41288313368
2016-03-23 20:22:28,52.27452366666667,-40.28542733333333,201.7,3.885,34.801,0.0840000007302,0.000229319997743,0.438936348015,0.00774786829506,0.00779378151658,0.0461608458147,0.028017241694,0.000351891473273,27.6433944522,-1.93530023373,6.41288313368
2016-03-23 20:22:28,52.27452366666667,-40.28542733333333,202.4,3.887,34.803,0.0840000007302,0.000222949997806,0.439660874485,0.0074138405866,0.00815467357917,0.043898409991,0.028017241694,0.000308651645029,27.6447868745,-3.46694142977,5.69737711633
2016-03-23 20:22:28,52.27452366666667,-40.28542733333333,203.2,3.887,34.802,0.0720000006258,0.000229319997743,0.426084911275,0.00743595914417,0.00800311035162,0.0356868250633,0.022844827856,0.000330273134357,27.643997497,-2.7010650348,6.05515619055
2016-03-23 20:22:28,52.27452366666667,-40.28542733333333,203.4,3.887,34.802,0.0720000006258,0.000229319997743,0.426084911275,0.00743595914417,0.00800311035162,0.0356868250633,0.022844827856,0.000330273134357,27.6439990823,-2.7010650348,6.05515619055
2016-03-23 20:22:28,52.27452366666667,-40.28542733333333,204.0,3.889,34.802,0.0720000006258,0.00026116999743,0.41359771735,0.00771019176902,0.00750380960575,0.0292088507507,0.022844827856,0.000546470816298,27.6437985245,4.95708925489,9.6326621301
2016-03-23 20:22:28,52.27452366666667,-40.28542733333333,204.4,3.889,34.802,0.0720000006258,0.00026116999743,0.41359771735,0.00771019176902,0.00750380960575,0.0292088507507,0.022844827856,0.000546470816298,27.643801697,4.95708925489,9.6326621301
2016-03-23 20:22:28,52.27452366666667,-40.28542733333333,204.9,3.889,34.802,0.0600000005215,0.000216579997868,0.414175754862,0.00712236298465,0.00777033211156,0.0272783428554,0.0176724140179,0.000308656831295,27.6438056631,-3.46675772185,5.69746293547
2016-03-23 20:22:28,52.27452366666667,-40.28542733333333,205.3,3.888,34.803,0.0600000005215,0.000216579997868,0.414175754862,0.00712236298465,0.00777033211156,0.0272783428554,0.0176724140179,0.000308653220154,27.6447072139,-3.46688563571,5.69740318052
2016-03-23 20:22:28,52.27452366666667,-40.28542733333333,205.8,3.888,34.803,0.0600000005215,0.000229319997743,0.419932375016,0.00815237547513,0.00800053663643,0.0275169328656,0.0176724140179,0.000351892126518,27.6447111801,-1.93527709449,6.41289394318
2016-03-23 20:22:28,52.27452366666667,-40.28542733333333,206.2,3.89,34.804,0.0600000005215,0.000229319997743,0.419932375016,0.00815237547513,0.00800053663643,0.0275169328656,0.0176724140179,0.000351893240438,27.6453047289,-1.9352376372,6.41291237565
2016-03-23 20:22:28,52.27452366666667,-40.28542733333333,206.7,3.89,34.804,0.0840000007302,0.00023568999768,0.415913826559,0.00769482124596,0.00800053663643,0.025337882502,0.028017241694,0.000308654334074,27.6453086976,-3.46684617843,5.69742161298
2016-03-23 20:22:28,52.27452366666667,-40.28542733333333,207.1,3.894,34.804,0.0840000007302,0.00023568999768,0.415913826559,0.00769482124596,0.00800053663643,0.025337882502,0.028017241694,0.000308660633045,27.6449010528,-3.46662305627,5.69752584448
2016-03-23 20:22:28,52.27452366666667,-40.28542733333333,207.6,3.894,34.804,0.0840000007302,0.00023568999768,0.408240972461,0.00749256765593,0.00829079451562,0.0272955579182,0.028017241694,0.000308660633045,27.6449050255,-3.46662305627,5.69752584448
2016-03-23 20:22:28,52.27452366666667,-40.28542733333333,208.1,3.897,34.805,0.0840000007302,0.000229319997743,0.408240972461,0.00749256765593,0.00829079451562,0.0272955579182,0.028017241694,0.00030866332044,27.6453964576,-3.46652786338,5.69757031382
2016-03-23 20:22:28,52.27452366666667,-40.28542733333333,208.6,3.897,34.805,0.0840000007302,0.000229319997743,0.414900281333,0.00838030908539,0.00790359336447,0.0254339102739,0.028017241694,0.00030866332044,27.6454004337,-3.46652786338,5.69757031382
2016-03-23 20:22:28,52.27452366666667,-40.28542733333333,209.1,3.905,34.806,0.0600000005215,0.000222949997806,0.414900281333,0.00838030908539,0.00790359336447,0.0254339102739,0.0176724140179,0.00033029332959,27.645377591,-2.70034967928,6.0554903688
2016-03-23 20:22:28,52.27452366666667,-40.28542733333333,209.5,3.905,34.806,0.0600000005215,0.000222949997806,0.416998636685,0.00780972527811,0.00776518468119,0.0271161446862,0.0176724140179,0.00033029332959,27.645380778,-2.70034967928,6.0554903688
2016-03-23 20:22:28,52.27452366666667,-40.28542733333333,209.9,3.905,34.806,0.0840000007302,0.000242059997618,0.416998636685,0.00780972527811,0.00776518468119,0.0271161446862,0.028017241694,0.000373532235954,27.6453839653,-1.16874113805,6.77098113146
2016-03-23 20:22:28,52.27452366666667,-40.28542733333333,210.5,3.91,34.808,0.0840000007302,0.00023568999768,0.414286611371,0.00736229310072,0.00811806962987,0.023577104366,0.028017241694,0.000330297125435,27.6464656213,-2.70021522284,6.05555318011
2016-03-23 20:22:28,52.27452366666667,-40.28542733333333,211.2,3.912,34.809,0.0840000007302,0.00023568999768,0.403026757369,0.00759716219091,0.00817812298419,0.0277383078131,0.028017241694,0.00033029823619,27.647060992,-2.70017587768,6.0555715602
2016-03-23 20:22:28,52.27452366666667,-40.28542733333333,211.5,3.912,34.809,0.0840000007302,0.000242059997618,0.403026757369,0.00759716219091,0.00817812298419,0.0277383078131,0.028017241694,0.000287059329826,27.6470633871,-4.23178441891,5.34008079754
2016-03-23 20:22:28,52.27452366666667,-40.28542733333333,212.1,3.919,34.81,0.0840000007302,0.000242059997618,0.400892769568,0.00792612887349,0.00754298727023,0.0269243581278,0.028017241694,0.000287068303717,27.6471428858,-4.23146654575,5.34022929195
2016-03-23 20:22:28,52.27452366666667,-40.28542733333333,212.3,3.919,34.81,0.0720000006258,0.000229319997743,0.400892769568,0.00792612887349,0.00754298727023,0.0269243581278,0.022844827856,0.000351926663263,27.6471444852,-1.93405373391,6.41346543594
2016-03-23 20:22:28,52.27452366666667,-40.28542733333333,213.0,3.929,34.815,0.0720000006258,0.000229319997743,0.404186791555,0.00789013935608,0.00807117081984,0.0241379388319,0.022844827856,0.000351932208028,27.6500972193,-1.93385732723,6.4135571873
2016-03-23 20:22:28,52.27452366666667,-40.28542733333333,213.5,3.929,34.815,0.0840000007302,0.00023568999768,0.404186791555,0.00789013935608,0.00807117081984,0.0241379388319,0.028017241694,0.000351932208028,27.6501012279,-1.93385732723,6.4135571873
2016-03-23 20:22:28,52.27452366666667,-40.28542733333333,213.8,3.929,34.815,0.0840000007302,0.00023568999768,0.39162437357,0.00787645584164,0.00847896169247,0.0255987982967,0.028017241694,0.000351932208028,27.6501036332,-1.93385732723,6.4135571873
2016-03-23 20:22:28,52.27452366666667,-40.28542733333333,214.4,4.035,34.824,0.0720000006258,0.00023568999768,0.39162437357,0.00787645584164,0.00847896169247,0.0255987982967,0.022844827856,0.00033046055612,27.6462643803,-2.69442618112,6.05825753032
2016-03-23 20:22:28,52.27452366666667,-40.28542733333333,214.7,4.035,34.824,0.0720000006258,0.00023568999768,0.404329321352,0.00800504338823,0.00840575379387,0.0216097454771,0.022844827856,0.00033046055612,27.6462668405,-2.69442618112,6.05825753032
2016-03-23 20:22:28,52.27452366666667,-40.28542733333333,215.3,4.041,34.827,0.0600000005215,0.000222949997806,0.404329321352,0.00800504338823,0.00840575379387,0.0216097454771,0.0176724140179,0.000352083284549,27.6480308268,-1.9285058947,6.41605710842
2016-03-23 20:22:28,52.27452366666667,-40.28542733333333,215.9,4.041,34.827,0.0480000004172,0.000210209997931,0.409614801342,0.00812500844626,0.00709830647995,0.0246468591242,0.0125000001798,0.000330463831367,27.6480357549,-2.69431016531,6.05831172709
2016-03-23 20:22:28,52.27452366666667,-40.28542733333333,216.6,4.045,34.829,0.0480000004172,0.000210209997931,0.396003205682,0.00702639093822,0.00806058999074,0.0217695227781,0.0125000001798,0.000330466013609,27.6492139356,-2.69423286595,6.05834783748
2016-03-23 20:22:28,52.27452366666667,-40.28542733333333,217.1,4.045,34.829,0.0720000006258,0.000222949997806,0.396003205682,0.00702639093822,0.00806058999074,0.0217695227781,0.022844827856,0.000373704919973,27.6492180471,-1.16262432473,6.77383860014
2016-03-23 20:22:28,52.27452366666667,-40.28542733333333,217.7,4.051,34.829,0.0360000003129,0.000210209997931,0.39021491224,0.00748225815876,0.00717437406208,0.0214252215233,0.00732758634178,0.000287236475411,27.6485953326,-4.22550956799,5.34301209346
2016-03-23 20:22:28,52.27452366666667,-40.28542733333333,218.4,4.058,34.83,0.0360000003129,0.000210209997931,0.391735230079,0.00786970780713,0.00837172355976,0.0229401470446,0.00732758634178,0.000287245368783,27.6486635813,-4.22519454696,5.3431592555
2016-03-23 20:22:28,52.27452366666667,-40.28542733333333,218.7,4.058,34.83,0.0480000004172,0.000229319997743,0.391735230079,0.00786970780713,0.00837172355976,0.0229401470446,0.0125000001798,0.000330484275147,27.6486660557,-2.69358600573,6.05865001816
2016-03-23 20:22:28,52.27452366666667,-40.28542733333333,219.3,4.047,34.833,0.0480000004172,0.000229319997743,0.409397047485,0.00742058862111,0.00894966560295,0.0243100894593,0.0125000001798,0.000330461007509,27.652208188,-2.69441019201,6.05826499963
2016-03-23 20:22:28,52.27452366666667,-40.28542733333333,219.9,4.047,34.833,0.0840000007302,0.000242059997618,0.409397047485,0.00742058862111,0.00894966560295,0.0243100894593,0.028017241694,0.000308841554327,27.6522131273,-3.46021446263,5.7005196183
2016-03-23 20:22:28,52.27452366666667,-40.28542733333333,220.3,4.06,34.828,0.0840000007302,0.000242059997618,0.409761290301,0.008322013565,0.00745919854254,0.0246740266451,0.028017241694,0.000308872006964,27.646879246,-3.45913576932,5.70102352976
2016-03-23 20:22:28,52.27452366666667,-40.28542733333333,220.8,4.06,34.828,0.0360000003129,0.000222949997806,0.409761290301,0.008322013565,0.00745919854254,0.0246740266451,0.00732758634178,0.000330491460146,27.6468833729,-2.6933314987,6.05876891109
2016-03-23 20:22:28,52.27452366666667,-40.28542733333333,221.3,4.075,34.833,0.0360000003129,0.000229319997743,0.39922596277,0.00853795066947,0.0065598280696,0.0245879513314,0.00732758634178,0.000330504695512,27.6492911837,-2.69286267559,6.05898792176
2016-03-23 20:22:28,52.27452366666667,-40.28542733333333,221.7,4.075,34.833,0.0360000003129,0.000229319997743,0.39922596277,0.00853795066947,0.0065598280696,0.0245879513314,0.00732758634178,0.000330504695512,27.6492944967,-2.69286267559,6.05898792176
2016-03-23 20:22:28,52.27452366666667,-40.28542733333333,222.2,4.08,34.833,0.0360000003129,0.000242059997618,0.414682527475,0.00827065352453,0.00768682935223,0.0266341229294,0.00732758634178,0.000308893036445,27.6487738342,-3.45839086303,5.70137151265
2016-03-23 20:22:28,52.27452366666667,-40.28542733333333,222.6,4.08,34.833,0.0360000003129,0.000242059997618,0.414682527475,0.00827065352453,0.00768682935223,0.0266341229294,0.00732758634178,0.000308893036445,27.6487771512,-3.45839086303,5.70137151265
2016-03-23 20:22:28,52.27452366666667,-40.28542733333333,223.1,4.073,34.831,0.0600000005215,0.00023568999768,0.416745250378,0.00764177419686,0.00808947279449,0.0323298878287,0.0176724140179,0.000308886187593,27.6479254607,-3.4586334631,5.70125818205
2016-03-23 20:22:28,52.27452366666667,-40.28542733333333,223.5,4.073,34.831,0.0600000005215,0.00023568999768,0.416745250378,0.00764177419686,0.00808947279449,0.0323298878287,0.0176724140179,0.000308886187593,27.6479287731,-3.4586334631,5.70125818205
2016-03-23 20:22:28,52.27452366666667,-40.28542733333333,224.1,4.071,34.83,0.0600000005215,0.000229319997743,0.428040736829,0.00786614634447,0.00823588859167,0.0315428366789,0.0176724140179,0.000287265647709,27.6473482764,-4.22447622684,5.34349481866
2016-03-23 20:22:28,52.27452366666667,-40.28542733333333,224.5,4.071,34.83,0.0600000005215,0.000229319997743,0.428040736829,0.00786614634447,0.00823588859167,0.0315428366789,0.0176724140179,0.000287265647709,27.647351588,-4.22447622684,5.34349481866
2016-03-23 20:22:28,52.27452366666667,-40.28542733333333,225.0,4.071,34.83,0.0840000007302,0.000286649997179,0.432419568941,0.00761084570534,0.00878494783112,0.0287440440567,0.028017241694,0.000308885100891,27.6473557279,-3.45867195623,5.70124019999
2016-03-23 20:22:28,52.27452366666667,-40.28542733333333,225.7,4.054,34.827,0.0840000007302,0.000286649997179,0.417834019664,0.0082689665159,0.00686324049306,0.0276791310349,0.028017241694,0.000308864675952,27.6467567431,-3.45939544842,5.70090222069
2016-03-23 20:22:28,52.27452366666667,-40.28542733333333,226.4,4.015,34.825,0.0480000004172,0.000216579997868,0.417834019664,0.0082689665159,0.00686324049306,0.0276791310349,0.0125000001798,0.000287188350576,27.649244432,-4.2272142459,5.34221575336
2016-03-23 20:22:28,52.27452366666667,-40.28542733333333,226.7,4.015,34.825,0.0480000004172,0.000216579997868,0.411170751632,0.00787476883302,0.00799510323771,0.0243566239258,0.0125000001798,0.000287188350576,27.6492468877,-4.2272142459,5.34221575336
2016-03-23 20:22:28,52.27452366666667,-40.28542733333333,227.2,3.999,34.818,0.0480000004172,0.000229319997743,0.411170751632,0.00787476883302,0.00799510323771,0.0243566239258,0.0125000001798,0.000287177546125,27.6453484794,-4.22759696117,5.34203696796
2016-03-23 20:22:28,52.27452366666667,-40.28542733333333,227.6,3.999,34.818,0.0480000004172,0.000229319997743,0.412006134611,0.00733492607186,0.008031707187,0.0263046158691,0.0125000001798,0.000287177546125,27.6453517424,-4.22759696117,5.34203696796
2016-03-23 20:22:28,52.27452366666667,-40.28542733333333,228.2,3.917,34.813,0.0720000006258,0.000242059997618,0.412006134611,0.00733492607186,0.008031707187,0.0263046158691,0.022844827856,0.000351917412195,27.6498647725,-1.93438142523,6.41331235498
2016-03-23 20:22:28,52.27452366666667,-40.28542733333333,228.6,3.917,34.813,0.0720000006258,0.000242059997618,0.410014676608,0.00806671292587,0.00770227164334,0.0232672332366,0.022844827856,0.000351917412195,27.6498679804,-1.93438142523,6.41331235498
2016-03-23 20:22:28,52.27452366666667,-40.28542733333333,229.2,3.905,34.812,0.108000000939,0.000222949997806,0.410014676608,0.00806671292587,0.00770227164334,0.0232672332366,0.0383620693702,0.000287042209474,27.6503121327,-4.23239085602,5.3397975005
2016-03-23 20:22:28,52.27452366666667,-40.28542733333333,229.6,3.905,34.812,0.108000000939,0.000222949997806,0.398283682442,0.00751824767617,0.00747235308682,0.0240295377337,0.0383620693702,0.000287042209474,27.650315333,-4.23239085602,5.3397975005
2016-03-23 20:22:28,52.27452366666667,-40.28542733333333,230.3,3.882,34.81,0.0600000005215,0.000229319997743,0.407987586154,0.00827571455042,0.00830909649026,0.0228616033208,0.0176724140179,0.000373487874646,27.6510916765,-1.1703125043,6.77024706789
2016-03-23 20:22:28,52.27452366666667,-40.28542733333333,230.6,3.882,34.81,0.0600000005215,0.000229319997743,0.407987586154,0.00827571455042,0.00830909649026,0.0228616033208,0.0176724140179,0.000373487874646,27.6510940655,-1.1703125043,6.77024706789
2016-03-23 20:22:28,52.27452366666667,-40.28542733333333,231.4,3.868,34.808,0.0480000004172,0.000229319997743,0.412726701921,0.00824666051293,0.00727103136569,0.0216538590753,0.0125000001798,0.000330230971726,27.6509435674,-2.70255851951,6.05445850933
2016-03-23 20:22:28,52.27452366666667,-40.28542733333333,231.7,3.868,34.808,0.0840000007302,0.000229319997743,0.412726701921,0.00824666051293,0.00727103136569,0.0216538590753,0.028017241694,0.000286992065362,27.6509459497,-4.23416706074,5.33896774667
2016-03-23 20:22:28,52.27452366666667,-40.28542733333333,232.3,3.861,34.808,0.0840000007302,0.000229319997743,0.404836093965,0.00763652572557,0.00789329850373,0.0266265913394,0.028017241694,0.000286981024458,27.6516671377,-4.23455815166,5.33878504858
2016-03-23 20:22:28,52.27452366666667,-40.28542733333333,232.7,3.861,34.808,0.0960000008345,0.000210209997931,0.404836093965,0.00763652572557,0.00789329850373,0.0266265913394,0.0331896555321,0.000330219930822,27.65167031,-2.70294961044,6.05427581125
2016-03-23 20:22:28,52.27452366666667,-40.28542733333333,233.2,3.848,34.807,0.0960000008345,0.000210209997931,0.40907239628,0.0076262162284,0.00863567235039,0.0251460959437,0.0331896555321,0.000330201451466,27.6522073711,-2.70360418617,6.05397002626
2016-03-23 20:22:28,52.27452366666667,-40.28542733333333,233.6,3.848,34.807,0.0720000006258,0.000222949997806,0.40907239628,0.0076262162284,0.00863567235039,0.0251460959437,0.022844827856,0.000351820904648,27.6522105352,-1.93779991556,6.41171540759
2016-03-23 20:22:28,52.27452366666667,-40.28542733333333,234.2,3.85,34.807,0.0720000006258,0.000222949997806,0.401253053223,0.00791244535906,0.00819928464238,0.025475603004,0.022844827856,0.000351824061918,27.6520109706,-1.93768807873,6.41176765215
2016-03-23 20:22:28,52.27452366666667,-40.28542733333333,234.9,3.849,34.806,0.0720000006258,0.000242059997618,0.395607289578,0.00742227562974,0.00779664120012,0.0223524140431,0.022844827856,0.000286966160565,27.6513228382,-4.23508466048,5.33853909005
2016-03-23 20:22:28,52.27452366666667,-40.28542733333333,235.3,3.849,34.806,0.0720000006258,0.000242059997618,0.395607289578,0.00742227562974,0.00779664120012,0.0223524140431,0.022844827856,0.000286966160565,27.6513260038,-4.23508466048,5.33853909005
2016-03-23 20:22:28,52.27452366666667,-40.28542733333333,235.9,3.849,34.806,0.0840000007302,0.000222949997806,0.393508934226,0.00759547518228,0.00727875251124,0.0185134550518,0.028017241694,0.000351824520111,27.6513307527,-1.93767184864,6.41177523404
2016-03-23 20:22:28,52.27452366666667,-40.28542733333333,236.2,3.85,34.806,0.0840000007302,0.000222949997806,0.393508934226,0.00759547518228,0.00727875251124,0.0185134550518,0.028017241694,0.000351826098682,27.6512309718,-1.9376159325,6.41180135526
2016-03-23 20:22:28,52.27452366666667,-40.28542733333333,236.8,3.85,34.806,0.0600000005215,0.000222949997806,0.399261595219,0.00763483871694,0.00832739846491,0.0218679714182,0.0176724140179,0.000308587192318,27.6512357225,-3.46922447372,5.6963105926
2016-03-23 20:22:28,52.27452366666667,-40.28542733333333,237.2,3.848,34.807,0.0600000005215,0.000222949997806,0.399261595219,0.00763483871694,0.00832739846491,0.0218679714182,0.0176724140179,0.000308581998284,27.6522390228,-3.46940845678,5.69622464493
2016-03-23 20:22:28,52.27452366666667,-40.28542733333333,238.0,3.848,34.807,0.0600000005215,0.000216579997868,0.402448719857,0.0076142197226,0.00801083149717,0.0216441756025,0.0176724140179,0.000351820904648,27.652245356,-1.93779991556,6.41171540759
2016-03-23 20:22:28,52.27452366666667,-40.28542733333333,238.5,3.846,34.806,0.0720000006258,0.000210209997931,0.402448719857,0.0076142197226,0.00801083149717,0.0216441756025,0.022844827856,0.000308580877498,27.6516577211,-3.46944815725,5.69620609886
2016-03-23 20:22:28,52.27452366666667,-40.28542733333333,238.9,3.846,34.806,0.0720000006258,0.000210209997931,0.398612292808,0.00769482124596,0.0084372103128,0.0227927430698,0.022844827856,0.000308580877498,27.6516608869,-3.46944815725,5.69620609886
2016-03-23 20:22:28,52.27452366666667,-40.28542733333333,239.4,3.844,34.806,0.0600000005215,0.000222949997806,0.398612292808,0.00769482124596,0.0084372103128,0.0227927430698,0.0176724140179,0.000308577719554,27.6518690377,-3.46956001797,5.69615384314
2016-03-23 20:22:28,52.27452366666667,-40.28542733333333,239.8,3.844,34.806,0.0600000005215,0.000222949997806,0.402413087408,0.00796043138227,0.0084738142621,0.0142317461655,0.0176724140179,0.000308577719554,27.6518722027,-3.46956001797,5.69615384314
2016-03-23 20:22:28,52.27452366666667,-40.28542733333333,240.4,3.827,34.804,0.0720000006258,0.000242059997618,0.402413087408,0.00796043138227,0.0084738142621,0.0142317461655,0.022844827856,0.000286935483931,27.6520188493,-4.23617128821,5.33803147202
2016-03-23 20:22:28,52.27452366666667,-40.28542733333333,240.7,3.827,34.804,0.0720000006258,0.000242059997618,0.413562084901,0.00758853970236,0.00750638332093,0.0228540717308,0.022844827856,0.000286935483931,27.6520212148,-4.23617128821,5.33803147202
2016-03-23 20:22:28,52.27452366666667,-40.28542733333333,241.4,3.781,34.803,0.0480000004172,0.000229319997743,0.413562084901,0.00758853970236,0.00750638332093,0.0228540717308,0.0125000001798,0.000330103629153,27.6559042578,-2.70706924813,6.05235132294
2016-03-23 20:22:28,52.27452366666667,-40.28542733333333,241.7,3.781,34.803,0.0480000004172,0.000229319997743,0.412437683165,0.00809070593748,0.00688668989808,0.0242681277439,0.0125000001798,0.000330103629153,27.6559066009,-2.70706924813,6.05235132294
2016-03-23 20:22:28,52.27452366666667,-40.28542733333333,242.5,3.79,34.804,0.0480000004172,0.000229319997743,0.414646895026,0.00750119014448,0.00872460850845,0.0257733697923,0.0125000001798,0.000330115849187,27.6557964837,-2.70663639011,6.05255353253
2016-03-23 20:22:28,52.27452366666667,-40.28542733333333,242.9,3.79,34.804,0.0480000004172,0.000229319997743,0.414646895026,0.00750119014448,0.00872460850845,0.0257733697923,0.0125000001798,0.000330115849187,27.6557996146,-2.70663639011,6.05255353253
2016-03-23 20:22:28,52.27452366666667,-40.28542733333333,243.8,3.797,34.807,0.0600000005215,0.000254799997492,0.404946950475,0.00748057115013,0.00705912881547,0.022399217495,0.0176724140179,0.000308501367253,27.6574843028,-3.47226456916,5.69489041235
2016-03-23 20:22:28,52.27452366666667,-40.28542733333333,244.4,3.802,34.807,0.0960000008345,0.000229319997743,0.403426632635,0.00775142975772,0.00757959121952,0.0197946322992,0.0331896555321,0.000286889829345,27.6569812673,-4.23778846496,5.33727600808
2016-03-23 20:22:28,52.27452366666667,-40.28542733333333,245.3,3.808,34.81,0.0480000004172,0.000222949997806,0.402844635962,0.00733323906323,0.00871173993252,0.0170722315179,0.0125000001798,0.000330132118492,27.6587665035,-2.70606009878,6.05282274696
2016-03-23 20:22:28,52.27452366666667,-40.28542733333333,245.7,3.808,34.81,0.0480000004172,0.000222949997806,0.402844635962,0.00733323906323,0.00871173993252,0.0170722315179,0.0125000001798,0.000330132118492,27.6587696489,-2.70606009878,6.05282274696
2016-03-23 20:22:28,52.27452366666667,-40.28542733333333,246.6,3.833,34.82,0.0480000004172,0.000229319997743,0.418012181911,0.00824328649567,0.00802141232626,0.0245927930677,0.0125000001798,0.000330151280693,27.6641904725,-2.70538133528,6.05313983125
2016-03-23 20:22:28,52.27452366666667,-40.28542733333333,247.4,3.863,34.823,0.0600000005215,0.00023568999768,0.404440177861,0.00773774624329,0.00884500118543,0.0233385143558,0.0176724140179,0.000286953635322,27.6635195148,-4.23552832961,5.33833183006
2016-03-23 20:22:28,52.27452366666667,-40.28542733333333,248.3,3.886,34.828,0.0600000005215,0.00023568999768,0.398936944014,0.00716697499061,0.00782781175069,0.0238573871063,0.0176724140179,0.000286979720976,27.6651483822,-4.2346043236,5.33876347937
2016-03-23 20:22:28,52.27452366666667,-40.28542733333333,248.7,3.886,34.828,0.0600000005215,0.00023568999768,0.398936944014,0.00716697499061,0.00782781175069,0.0238573871063,0.0176724140179,0.000286979720976,27.6651515841,-4.2346043236,5.33876347937
2016-03-23 20:22:28,52.27452366666667,-40.28542733333333,249.7,3.956,34.835,0.0600000005215,0.000229319997743,0.399804000282,0.00783371828972,0.00909608140014,0.0242361184866,0.0176724140179,0.000330314472972,27.6635154573,-2.69960073839,6.05584023646
2016-03-23 20:22:28,52.27452366666667,-40.28542733333333,250.7,3.956,34.835,0.0360000003129,0.000242059997618,0.396692099703,0.007732497772,0.00717694777726,0.0229205111136,0.00732758634178,0.000287075566608,27.6635235845,-4.23120927961,5.3403494738
2016-03-23 20:22:28,52.27452366666667,-40.28542733333333,251.7,3.956,34.835,0.0480000004172,0.000229319997743,0.404475810311,0.00751824767617,0.00686038080952,0.0205988985117,0.0125000001798,0.000287075566608,27.6635317132,-4.23120927961,5.3403494738
2016-03-23 20:22:28,52.27452366666667,-40.28542733333333,252.7,4.012,34.839,0.0480000004172,0.000229319997743,0.414464773618,0.00682245033956,0.00772858073189,0.0210760785321,0.0125000001798,0.000265535743109,27.6609091257,-4.99419290759,4.98392175537
2016-03-23 20:22:28,52.27452366666667,-40.28542733333333,253.7,4.012,34.839,0.0720000006258,0.00023568999768,0.392242002693,0.00755779865624,0.0084372103128,0.0199915295794,0.022844827856,0.000287155196291,27.6609184423,-4.22838863697,5.3416671367
2016-03-23 20:22:28,52.27452366666667,-40.28542733333333,254.7,4.012,34.839,0.0600000005215,0.000229319997743,0.395931940783,0.00756979516204,0.00774430899136,0.0199667829267,0.0176724140179,0.000308774649473,27.6609277605,-3.46258436636,5.69941251803
2016-03-23 20:22:28,52.27452366666667,-40.28542733333333,255.5,4.037,34.841,0.0480000004172,0.000216579997868,0.406138657948,0.0072903140659,0.00795592557323,0.0209136113774,0.0125000001798,0.000287190222784,27.6599185992,-4.22714792855,5.3422467335
2016-03-23 20:22:28,52.27452366666667,-40.28542733333333,256.4,4.037,34.841,0.0480000004172,0.00023568999768,0.402884227572,0.00793137734478,0.00727617879606,0.018744513472,0.0125000001798,0.000287190222784,27.6599270267,-4.22714792855,5.3422467335
2016-03-23 20:22:28,52.27452366666667,-40.28542733333333,257.4,4.037,34.841,0.0600000005215,0.000210209997931,0.396549569906,0.00852426715504,0.00873776305273,0.0207169830827,0.0176724140179,0.000308809675966,27.6599363921,-3.46134365794,5.69999211483
2016-03-23 20:22:28,52.27452366666667,-40.28542733333333,258.5,4.037,34.841,0.0480000004172,0.000229319997743,0.41055708167,0.00752855717334,0.00846838086337,0.020097240824,0.0125000001798,0.000330429129148,27.6599466958,-2.69553938732,6.05773749616
2016-03-23 20:22:28,52.27452366666667,-40.28542733333333,259.5,4.037,34.841,0.0360000003129,0.000229319997743,0.407734199848,0.00789707483599,0.00878208814758,0.0176110091846,0.00732758634178,0.000287190222784,27.6599560644,-4.22714792855,5.3422467335
2016-03-23 20:22:28,52.27452366666667,-40.28542733333333,260.5,3.8,34.811,0.0720000006258,0.00026116999743,0.411170751632,0.00756979516204,0.0089313636283,0.0206064301017,0.022844827856,0.000373356325529,27.6605040977,-1.17497223712,6.76807027421
2016-03-23 20:22:28,52.27452366666667,-40.28542733333333,261.5,3.8,34.811,0.0600000005215,0.000203839997994,0.404222424004,0.00816605898956,0.00934172821612,0.0224433310932,0.0176724140179,0.000308497965983,27.6605130609,-3.47238504896,5.69483413022
2016-03-23 20:22:28,52.27452366666667,-40.28542733333333,262.6,3.8,34.811,0.0600000005215,0.000248429997555,0.395931940783,0.00734692257766,0.00855216959106,0.020680132089,0.0176724140179,0.000330117419165,27.6605229222,-2.70658077835,6.05257951155
2016-03-23 20:22:28,52.27452366666667,-40.28542733333333,263.5,3.8,34.811,0.0720000006258,0.00023568999768,0.398754822606,0.00791244535906,0.00846838086337,0.0212285932285,0.022844827856,0.000330117419165,27.6605309919,-2.70658077835,6.05257951155
2016-03-23 20:22:28,52.27452366666667,-40.28542733333333,264.5,3.8,34.811,0.0840000007302,0.000229319997743,0.395207414313,0.00745320412126,0.00794019731376,0.0191947949568,0.028017241694,0.000351736872347,27.6605399597,-1.94077650774,6.41032489288
2016-03-23 20:22:28,52.27452366666667,-40.28542733333333,264.9,3.8,34.811,0.0840000007302,0.000229319997743,0.395207414313,0.00745320412126,0.00794019731376,0.0191947949568,0.028017241694,0.000351736872347,27.6605435473,-1.94077650774,6.41032489288
2016-03-23 20:22:28,52.27452366666667,-40.28542733333333,265.7,3.804,34.813,0.0720000006258,0.00023568999768,0.399879224342,0.00818330396665,0.00808947279449,0.0201168767549,0.022844827856,0.000308500222583,27.6617364441,-3.47230511568,5.69487147105
2016-03-23 20:22:28,52.27452366666667,-40.28542733333333,266.7,3.804,34.813,0.0600000005215,0.000222949997806,0.410121573956,0.00756979516204,0.00825933799669,0.0207514132082,0.0176724140179,0.000330119675765,27.6617454227,-2.70650084506,6.05261685238
2016-03-23 20:22:28,52.27452366666667,-40.28542733333333,267.7,3.804,34.813,0.0600000005215,0.000229319997743,0.39021491224,0.00765189624863,0.00694159582202,0.0201588384704,0.0176724140179,0.000243641863037,27.6617544028,-5.76971792751,4.62163532705
2016-03-23 20:22:28,52.27452366666667,-40.28542733333333,268.7,3.804,34.813,0.0600000005215,0.00023568999768,0.413126577186,0.00768619875742,0.00807631825021,0.0205719999762,0.0176724140179,0.000243641863037,27.6617633844,-5.76971792751,4.62163532705
2016-03-23 20:22:28,52.27452366666667,-40.28542733333333,269.8,3.804,34.813,0.0360000003129,0.000222949997806,0.391877759877,0.00741196613256,0.00816268069308,0.0221926367421,0.00732758634178,0.000351739128947,27.661773266,-1.94069657445,6.41036223371
2016-03-23 20:22:28,52.27452366666667,-40.28542733333333,270.8,3.716,34.805,0.0480000004172,0.000222949997806,0.408494358768,0.00779416730965,0.00874834388182,0.0202422239305,0.0125000001798,0.000351615813505,27.6643049078,-1.94506465404,6.40832168581
2016-03-23 20:22:28,52.27452366666667,-40.28542733333333,271.9,3.716,34.805,0.0360000003129,0.000229319997743,0.400603750812,0.00771712724894,0.00777290582674,0.0212113781658,0.00732758634178,0.000286757453959,27.6643146298,-4.24247746587,5.33508554181
2016-03-23 20:22:28,52.27452366666667,-40.28542733333333,272.8,3.716,34.805,0.0480000004172,0.00023568999768,0.397309728826,0.00788339132156,0.00744604399826,0.0208767603838,0.0125000001798,0.000329996360323,27.6643225855,-2.71086892465,6.05057630448
2016-03-23 20:22:28,52.27452366666667,-40.28542733333333,273.9,3.716,34.805,0.0360000003129,0.00023568999768,0.403280143676,0.00721158699656,0.00755328213097,0.0213122476741,0.00732758634178,0.000351615813505,27.6643323108,-1.94506465404,6.40832168581
2016-03-23 20:22:28,52.27452366666667,-40.28542733333333,274.9,3.716,34.805,0.0600000005215,0.000222949997806,0.395571657129,0.0074668876357,0.0079690801175,0.0194134800507,0.0176724140179,0.000286757453959,27.6643411535,-4.24247746587,5.33508554181
2016-03-23 20:22:28,52.27452366666667,-40.28542733333333,276.0,3.72,34.805,0.0600000005215,0.000229319997743,0.391842127428,0.00679677031932,0.0072684576505,0.0214792875797,0.0176724140179,0.00033000272155,27.6639488147,-2.71064359726,6.05068156614
2016-03-23 20:22:28,52.27452366666667,-40.28542733333333,278.1,3.72,34.805,0.0480000004172,0.000222949997806,0.394918395557,0.00785771130133,0.00839002553441,0.0213563612723,0.0125000001798,0.000394861081096,27.6639674067,-0.413230785417,7.12391771014
2016-03-23 20:22:28,52.27452366666667,-40.28542733333333,280.3,3.773,34.817,0.0600000005215,0.000229319997743,0.390175320629,0.00783015682706,0.00779378151658,0.0202201671314,0.0176724140179,0.000330062414758,27.6681944945,-2.70852914443,6.05166933255
2016-03-23 20:22:28,52.27452366666667,-40.28542733333333,282.5,3.773,34.817,0.0480000004172,0.000216579997868,0.387823578971,0.00784384034149,0.00783839257978,0.0185871570391,0.0125000001798,0.000308442961576,27.6682141893,-3.47433341505,5.69392395122
2016-03-23 20:22:28,52.27452366666667,-40.28542733333333,284.6,3.773,34.817,0.0720000006258,0.000216579997868,0.38337348196,0.00763146469969,0.00845007888873,0.0192044784296,0.022844827856,0.000308442961576,27.6682329957,-3.47433341505,5.69392395122
2016-03-23 20:22:28,52.27452366666667,-40.28542733333333,285.7,3.763,34.815,0.0480000004172,0.000197469998056,0.397741277379,0.00771881425757,0.00787242281389,0.0183512568825,0.0125000001798,0.000308431177345,27.6676619833,-3.47475083607,5.69372895303
2016-03-23 20:22:28,52.27452366666667,-40.28542733333333,287.9,3.763,34.815,0.0480000004172,0.000222949997806,0.412259520918,0.00751656066754,0.00795592557323,0.020276654056,0.0125000001798,0.000286811724163,27.667681658,-4.24055510669,5.3359835717
2016-03-23 20:22:28,52.27452366666667,-40.28542733333333,290.1,3.763,34.815,0.0600000005215,0.000242059997618,0.386121139723,0.00773081076337,0.00793247616821,0.0197529395692,0.0176724140179,0.000265192270981,27.66770134,-5.0063593773,4.97823819037
2016-03-23 20:22:28,52.27452366666667,-40.28542733333333,292.2,3.973,34.852,0.0600000005215,0.000229319997743,0.393002161613,0.0083632515537,0.00734938669465,0.0189709991412,0.0176724140179,0.000330306576284,27.67567041,-2.69988045487,6.05570956693
2016-03-23 20:22:28,52.27452366666667,-40.28542733333333,294.4,3.973,34.852,0.0720000006258,0.000222949997806,0.398358906502,0.007732497772,0.00744347028308,0.0189414107521,0.022844827856,0.000308687123102,27.6756909105,-3.46568472549,5.6979641856
2016-03-23 20:22:28,52.27452366666667,-40.28542733333333,295.6,3.945,34.841,0.0360000003129,0.000222949997806,0.391299722365,0.00725788601115,0.00807889196539,0.0209383580301,0.00732758634178,0.00028704609054,27.6698479039,-4.2322533809,5.33986172199
2016-03-23 20:22:28,52.27452366666667,-40.28542733333333,297.8,3.945,34.841,0.0360000003129,0.000229319997743,0.401977579694,0.00835294205653,0.0075481347006,0.0211522013876,0.00732758634178,0.000330284996904,27.6698683022,-2.70064483967,6.05535248466
2016-03-23 20:22:28,52.27452366666667,-40.28542733333333,299.9,3.945,34.841,0.0480000004172,0.000229319997743,0.409108028729,0.00760053620816,0.00777833922547,0.0200948199558,0.0125000001798,0.000308665543722,27.6698877802,-3.46644911029,5.69760710332
2016-03-23 20:22:28,52.27452366666667,-40.28542733333333,302.0,3.803,34.821,0.0480000004172,0.000216579997868,0.400168243098,0.00759378817365,0.00801083149717,0.018732409131,0.0125000001798,0.000286862887319,27.6685327495,-4.23874280539,5.33683018805
2016-03-23 20:22:28,52.27452366666667,-40.28542733333333,303.4,3.803,34.821,0.0480000004172,0.000229319997743,0.404657931719,0.0071840325223,0.00791932162393,0.0178420676049,0.0125000001798,0.000286862887319,27.6685458102,-4.23874280539,5.33683018805
2016-03-23 20:22:28,52.27452366666667,-40.28542733333333,304.4,3.803,34.821,0.0480000004172,0.000222949997806,0.399879224342,0.00805977744596,0.00755070841578,0.021164574714,0.0125000001798,0.000308482340501,27.6685558741,-3.47293853478,5.69457556938
2016-03-23 20:22:28,52.27452366666667,-40.28542733333333,305.6,3.888,34.833,0.0600000005215,0.000222949997806,0.405235969231,0.0075319311906,0.00735453412502,0.0192905537433,0.0176724140179,0.000330211601669,27.6694443169,-2.70324464567,6.05413798557
2016-03-23 20:22:28,52.27452366666667,-40.28542733333333,306.6,3.888,34.833,0.0600000005215,0.000222949997806,0.39013968818,0.00832557502767,0.00841604865461,0.0205916359071,0.0176724140179,0.000351831054851,27.6694545308,-1.93744037505,6.4118833669
2016-03-23 20:22:28,52.27452366666667,-40.28542733333333,307.7,3.888,34.833,0.0720000006258,0.000222949997806,0.397994663686,0.00793306435341,0.00847896169247,0.0179945823013,0.022844827856,0.000395069961215,27.6694657678,-0.405831833827,7.12737412956
2016-03-23 20:22:28,52.27452366666667,-40.28542733333333,308.8,3.888,34.833,0.0360000003129,0.000222949997806,0.414682527475,0.00757148217067,0.00789587221891,0.02074146075,0.00732758634178,0.000308592148487,27.6694770066,-3.46904891628,5.69639260424
2016-03-23 20:22:28,52.27452366666667,-40.28542733333333,309.9,3.888,34.833,0.0600000005215,0.000222949997806,0.406720654621,0.00797936336799,0.00759789319417,0.017151044227,0.0176724140179,0.000308592148487,27.6694882473,-3.46904891628,5.69639260424
2016-03-23 20:22:28,52.27452366666667,-40.28542733333333,311.1,3.746,34.818,0.0600000005215,0.000222949997806,0.405125112721,0.00726126002841,0.00779664120012,0.0159804199606,0.0176724140179,0.000308398078733,27.6720020044,-3.47592325513,5.69318125759
2016-03-23 20:22:28,52.27452366666667,-40.28542733333333,312.2,3.746,34.818,0.0480000004172,0.000242059997618,0.398176785094,0.00796043138227,0.00779120780139,0.0217523077154,0.0125000001798,0.000330017531915,27.6720129827,-2.71011898452,6.05092663892
2016-03-23 20:22:28,52.27452366666667,-40.28542733333333,313.3,3.746,34.818,0.0480000004172,0.000242059997618,0.401324318122,0.00786445933584,0.00747750051719,0.0192464401451,0.0125000001798,0.000330017531915,27.6720239628,-2.71011898452,6.05092663892
2016-03-23 20:22:28,52.27452366666667,-40.28542733333333,314.4,3.746,34.818,0.0360000003129,0.000216579997868,0.397487891073,0.00853795066947,0.00835342158512,0.020215325395,0.00732758634178,0.000330017531915,27.6720349448,-2.71011898452,6.05092663892
2016-03-23 20:22:28,52.27452366666667,-40.28542733333333,315.3,3.748,34.82,0.0360000003129,0.000216579997868,0.394015706839,0.00729556253719,0.00768682935223,0.018218378117,0.00732758634178,0.000265158271432,27.6734345443,-5.00756370934,4.97767558679
2016-03-23 20:22:28,52.27452366666667,-40.28542733333333,316.4,3.748,34.82,0.0600000005215,0.00023568999768,0.401795458286,0.00817974250399,0.00759245979545,0.0217671019099,0.0176724140179,0.000286777724614,27.6734455342,-4.24175943872,5.33542096812
2016-03-23 20:22:28,52.27452366666667,-40.28542733333333,317.5,3.748,34.82,0.0480000004172,0.000222949997806,0.401399542181,0.00760747168808,0.00760304062454,0.0191552541096,0.0125000001798,0.000308397177796,27.673456526,-3.47595516811,5.69316634945
2016-03-23 20:22:28,52.27452366666667,-40.28542733333333,318.7,3.748,34.82,0.0480000004172,0.000222949997806,0.398358906502,0.00751318665028,0.00696247151186,0.0147705238323,0.0125000001798,0.000330016630978,27.6734685191,-2.7101508975,6.05091173078
2016-03-23 20:22:28,52.27452366666667,-40.28542733333333,319.8,3.748,34.82,0.0360000003129,0.000216579997868,0.39846580385,0.00771881425757,0.00816782812345,0.019514349559,0.00732758634178,0.000286777724614,27.6734795147,-4.24175943872,5.33542096812
2016-03-23 20:22:28,52.27452366666667,-40.28542733333333,321.0,3.728,34.82,0.0480000004172,0.000229319997743,0.403533529983,0.00868190873911,0.00863052492002,0.0204587571416,0.0125000001798,0.000351604307957,27.6755059584,-1.94547220356,6.40813129909
2016-03-23 20:22:28,52.27452366666667,-40.28542733333333,322.2,3.728,34.82,0.0480000004172,0.000229319997743,0.394629376801,0.00755255018495,0.00756901039043,0.0165092451692,0.0125000001798,0.000265126495228,27.6755179184,-5.00868928602,4.97714977377
2016-03-23 20:22:28,52.27452366666667,-40.28542733333333,323.3,3.728,34.82,0.0600000005215,0.00023568999768,0.401906314795,0.00783709230698,0.00839517296478,0.0193077688061,0.0176724140179,0.000329984854775,27.6755288836,-2.71127647418,6.05038591776
2016-03-23 20:22:28,52.27452366666667,-40.28542733333333,324.5,3.728,34.82,0.0600000005215,0.000229319997743,0.403244511227,0.00797242788807,0.00815982100954,0.0221409915539,0.0176724140179,0.000243507042046,27.6755408477,-5.77449355663,4.61940439244
2016-03-23 20:22:28,52.27452366666667,-40.28542733333333,325.0,3.728,34.82,0.0600000005215,0.000229319997743,0.403244511227,0.00797242788807,0.00815982100954,0.0221409915539,0.0176724140179,0.000243507042046,27.6755458334,-5.77449355663,4.61940439244
2016-03-23 20:22:28,52.27452366666667,-40.28542733333333,326.0,3.756,34.821,0.0480000004172,0.000229319997743,0.389850669424,0.00797936336799,0.00801083149717,0.0150335915098,0.0125000001798,0.00026516893365,27.6735305975,-5.00718603225,4.9778520186
2016-03-23 20:22:28,52.27452366666667,-40.28542733333333,327.1,3.756,34.821,0.0480000004172,0.000210209997931,0.402884227572,0.00805977744596,0.00840832750906,0.0199006125292,0.0125000001798,0.000330027293196,27.6735416203,-2.70977322041,6.05108816259
2016-03-23 20:22:28,52.27452366666667,-40.28542733333333,328.4,3.756,34.821,0.0600000005215,0.000216579997868,0.391695638469,0.00824834752155,0.00869057827434,0.0163960023346,0.0176724140179,0.000286788386832,27.6735546495,-4.24138176163,5.33559739993
2016-03-23 20:22:28,52.27452366666667,-40.28542733333333,329.8,3.756,34.821,0.0360000003129,0.000229319997743,0.401577704428,0.00754055367915,0.00810777476913,0.0148590200142,0.00732758634178,0.000330027293196,27.6735686838,-2.70977322041,6.05108816259
2016-03-23 20:22:28,52.27452366666667,-40.28542733333333,331.0,3.771,34.826,0.0360000003129,0.000222949997806,0.402413087408,0.0076142197226,0.00881869209687,0.0191404599151,0.00732758634178,0.000286801995719,27.676045952,-4.24089970765,5.3358225914
2016-03-23 20:22:28,52.27452366666667,-40.28542733333333,332.2,3.771,34.826,0.0480000004172,0.000222949997806,0.394447255393,0.00856194368108,0.00887102430563,0.0204315896207,0.0125000001798,0.000308421448901,27.6760580184,-3.47509543704,5.69356797273
2016-03-23 20:22:28,52.27452366666667,-40.28542733333333,333.3,3.771,34.826,0.0600000005215,0.000216579997868,0.401759825836,0.00811469894909,0.00687096163861,0.01643043246,0.0176724140179,0.000286801995719,27.6760690811,-4.24089970765,5.3358225914
2016-03-23 20:22:28,52.27452366666667,-40.28542733333333,334.6,3.771,34.826,0.0360000003129,0.000222949997806,0.393215956309,0.0078678333531,0.00828793483208,0.0189142432312,0.00732758634178,0.000330040902083,27.6760821576,-2.70929116643,6.05131335406
2016-03-23 20:22:28,52.27452366666667,-40.28542733333333,335.8,3.789,34.829,0.0480000004172,0.000222949997806,0.398683557707,0.00748394516738,0.00816782812345,0.0174017385782,0.0125000001798,0.00030844386973,27.6766604764,-3.47430124643,5.69393897878
2016-03-23 20:22:28,52.27452366666667,-40.28542733333333,336.9,3.789,34.829,0.0600000005215,0.000229319997743,0.39318032386,0.00707437696144,0.00779120780139,0.0203726818279,0.0176724140179,0.000265204963366,27.6766715794,-5.00590978765,4.97844821612
2016-03-23 20:22:28,52.27452366666667,-40.28542733333333,338.2,3.789,34.829,0.0720000006258,0.000242059997618,0.380693129935,0.00757991721381,0.00709315904958,0.0171462024906,0.022844827856,0.000286824416548,27.6766847035,-4.24010551704,5.33619359745
2016-03-23 20:22:28,52.27452366666667,-40.28542733333333,339.4,3.789,34.829,0.0480000004172,0.000216579997868,0.401577704428,0.00754580215043,0.00774430899136,0.0185355118509,0.0125000001798,0.000286824416548,27.6766968203,-4.24010551704,5.33619359745
2016-03-23 20:22:28,52.27452366666667,-40.28542733333333,340.6,3.827,34.837,0.0480000004172,0.000216579997868,0.396874221111,0.00672310427588,0.0086697025845,0.0197136677073,0.0125000001798,0.000308487721134,27.6792176019,-3.47274794199,5.69466460478
2016-03-23 20:22:28,52.27452366666667,-40.28542733333333,341.8,3.827,34.837,0.0480000004172,0.00023568999768,0.403280143676,0.00830495603332,0.00745662482736,0.0204832348089,0.0125000001798,0.000416584987044,27.6792298031,0.356273411072,7.48339151143
2016-03-23 20:22:28,52.27452366666667,-40.28542733333333,343.1,3.827,34.837,0.0360000003129,0.00023568999768,0.398105520195,0.00820204850697,0.00779378151658,0.0192437502915,0.00732758634178,0.000308487721134,27.6792430234,-3.47274794199,5.69466460478
2016-03-23 20:22:28,52.27452366666667,-40.28542733333333,344.2,3.827,34.837,0.0360000003129,0.000210209997931,0.399261595219,0.00825528300147,0.00665648537321,0.0182428557843,0.00732758634178,0.000308487721134,27.6792542119,-3.47274794199,5.69466460478
2016-03-23 20:22:28,52.27452366666667,-40.28542733333333,344.9,3.895,34.843,0.0600000005215,0.000242059997618,0.394847130658,0.00910347345086,0.00770513132688,0.0197801070901,0.0176724140179,0.000351821731672,27.6770866711,-1.9377706207,6.41172909268
2016-03-23 20:22:28,52.27452366666667,-40.28542733333333,346.2,3.895,34.843,0.0960000008345,0.00023568999768,0.395318270822,0.00857750164954,0.00779664120012,0.0169764727314,0.0331896555321,0.000308582825308,27.6771000485,-3.46937916192,5.69623833002
2016-03-23 20:22:28,52.27452366666667,-40.28542733333333,347.3,3.895,34.843,0.0720000006258,0.000229319997743,0.397234504766,0.0083512550479,0.00774173527617,0.0173452516535,0.022844827856,0.000308582825308,27.6771113699,-3.46937916192,5.69623833002
2016-03-23 20:22:28,52.27452366666667,-40.28542733333333,348.5,3.895,34.843,0.0840000007302,0.000248429997555,0.395536024679,0.00841292458555,0.00813637160452,0.0172960273335,0.028017241694,0.000373441184854,27.6771237226,-1.17196635008,6.76947447401
2016-03-23 20:22:28,52.27452366666667,-40.28542733333333,350.2,3.774,34.835,0.0720000006258,0.000216579997868,0.395536024679,0.00841292458555,0.00813637160452,0.0172960273335,0.022844827856,0.000265168961441,27.6831007618,-5.00718504784,4.97785247846
2016-03-23 20:22:28,52.27452366666667,-40.28542733333333,352.6,3.774,34.835,0.0720000006258,0.000229319997743,0.395536024679,0.00841292458555,0.00813637160452,0.0172960273335,0.022844827856,0.000308407867805,27.683124988,-3.47557650662,5.69334324113
2016-03-23 20:22:28,52.27452366666667,-40.28542733333333,353.8,3.774,34.835,0.0840000007302,0.000210209997931,0.395536024679,0.00841292458555,0.00813637160452,0.0172960273335,0.028017241694,0.000330027320987,27.6831356297,-2.709772236,6.05108862246
2016-03-23 20:22:28,52.27452366666667,-40.28542733333333,355.0,3.772,34.835,0.0720000006258,0.000222949997806,0.395536024679,0.00841292458555,0.00813637160452,0.0172960273335,0.022844827856,0.000265165789497,27.6833477849,-5.00729740444,4.97779999109
2016-03-23 20:22:28,52.27452366666667,-40.28542733333333,357.4,3.772,34.835,0.0720000006258,0.000216579997868,0.395536024679,0.00841292458555,0.00813637160452,0.0172960273335,0.022844827856,0.000286785242679,27.6833675966,-4.24149313383,5.33554537242
2016-03-23 20:22:28,52.27452366666667,-40.28542733333333,360.0,3.772,34.835,0.0480000004172,0.00033123999674,0.395536024679,0.00841292458555,0.00813637160452,0.0172960273335,0.0125000001798,0.000330024149043,27.6833890692,-2.7098845926,6.05103613508
2016-03-23 20:22:28,52.27452366666667,-40.28542733333333,362.5,3.767,34.838,0.0840000007302,0.000216579997868,0.395536024679,0.00841292458555,0.00813637160452,0.0172960273335,0.028017241694,0.000308390651621,27.6863034145,-3.47618633828,5.69305835833
2016-03-23 20:22:28,52.27452366666667,-40.28542733333333,364.9,3.767,34.838,0.0840000007302,0.000222949997806,0.395536024679,0.00841292458555,0.00813637160452,0.0172960273335,0.028017241694,0.000330010104803,27.6863232363,-2.71038206767,6.05080373966
2016-03-23 20:22:28,52.27452366666667,-40.28542733333333,365.4,3.776,34.839,0.0840000007302,0.000222949997806,0.395536024679,0.00841292458555,0.00813637160452,0.0172960273335,0.028017241694,0.000330022342911,27.6862135831,-2.7099485694,6.05100624833
2016-03-23 20:22:28,52.27452366666667,-40.28542733333333,367.3,3.776,34.839,0.0840000007302,0.00023568999768,0.395536024679,0.00841292458555,0.00813637160452,0.0172960273335,0.028017241694,0.000351641796093,27.6862293121,-1.94414429879,6.40875162966
2016-03-23 20:22:28,52.27452366666667,-40.28542733333333,369.7,3.776,34.839,0.0600000005215,0.000229319997743,0.395536024679,0.00841292458555,0.00813637160452,0.0172960273335,0.0176724140179,0.000308402889729,27.6862491882,-3.47575284002,5.693260867
2016-03-23 20:22:28,52.27452366666667,-40.28542733333333,372.1,3.728,34.835,0.0600000005215,0.000222949997806,0.395536024679,0.00841292458555,0.00813637160452,0.0172960273335,0.0176724140179,0.000329954275712,27.6879252769,-2.71235964573,6.04987991429
2016-03-23 20:22:28,52.27452366666667,-40.28542733333333,374.6,3.728,34.835,0.0480000004172,0.000222949997806,0.395536024679,0.00841292458555,0.00813637160452,0.0172960273335,0.0125000001798,0.00030833482253,27.6879457962,-3.47816391634,5.69213453296
2016-03-23 20:22:28,52.27452366666667,-40.28542733333333,375.8,3.725,34.834,0.0600000005215,0.000222949997806,0.408636888565,0.00836999958822,0.00749065506147,0.0200872883659,0.0176724140179,0.00032995154379,27.6874610226,-2.71245641588,6.04983470812
2016-03-23 20:22:28,52.27452366666667,-40.28542733333333,377.5,3.725,34.834,0.0840000007302,0.000222949997806,0.408636888565,0.00836999958822,0.00749065506147,0.0200872883659,0.028017241694,0.000308332090608,27.687474975,-3.4782606865,5.69208932679
2016-03-23 20:22:28,52.27452366666667,-40.28542733333333,379.4,3.725,34.834,0.0840000007302,0.00026116999743,0.408636888565,0.00836999958822,0.00749065506147,0.0200872883659,0.028017241694,0.000308332090608,27.6874905741,-3.4782606865,5.69208932679
2016-03-23 20:22:28,52.27452366666667,-40.28542733333333,381.7,3.713,34.835,0.0360000003129,0.00023568999768,0.408636888565,0.00836999958822,0.00749065506147,0.0200872883659,0.00732758634178,0.000329930415635,27.6895109235,-2.71320481739,6.04948509244
2016-03-23 20:22:28,52.27452366666667,-40.28542733333333,384.2,3.713,34.835,0.0720000006258,0.00023568999768,0.408636888565,0.00836999958822,0.00749065506147,0.0200872883659,0.022844827856,0.000308310962452,27.6895314167,-3.47900908801,5.6917397111
2016-03-23 20:22:28,52.27452366666667,-40.28542733333333,385.3,3.714,34.835,0.0600000005215,0.000242059997618,0.408636888565,0.00836999958822,0.00749065506147,0.0200872883659,0.0176724140179,0.000351551460116,27.6894400728,-1.94734417979,6.4072568056
2016-03-23 20:22:28,52.27452366666667,-40.28542733333333,388.0,3.714,34.835,0.0600000005215,0.000216579997868,0.408636888565,0.00836999958822,0.00749065506147,0.0200872883659,0.0176724140179,0.00028669310057,27.6894622249,-4.24475699163,5.33402066161
2016-03-23 20:22:28,52.27452366666667,-40.28542733333333,389.5,3.714,34.835,0.0720000006258,0.000216579997868,0.408636888565,0.00836999958822,0.00749065506147,0.0200872883659,0.022844827856,0.000329932006934,27.6894745364,-2.7131484504,6.04951142427
2016-03-23 20:22:28,52.27452366666667,-40.28542733333333,391.7,3.728,34.843,0.0720000006258,0.000222949997806,0.408636888565,0.00836999958822,0.00749065506147,0.0200872883659,0.022844827856,0.000265079609732,27.6944562371,-5.01035006407,4.97637394148
2016-03-23 20:22:28,52.27452366666667,-40.28542733333333,394.2,3.728,34.843,0.0600000005215,0.000229319997743,0.408636888565,0.00836999958822,0.00749065506147,0.0200872883659,0.0176724140179,0.000265079609732,27.6944768379,-5.01035006407,4.97637394148
2016-03-23 20:22:28,52.27452366666667,-40.28542733333333,395.5,3.729,34.843,0.0480000004172,0.000222949997806,0.408636888565,0.00836999958822,0.00749065506147,0.0200872883659,0.0125000001798,0.000286700653026,27.6943870064,-4.24448946851,5.33414563501
2016-03-23 20:22:28,52.27452366666667,-40.28542733333333,398.0,3.729,34.843,0.0600000005215,0.000222949997806,0.408636888565,0.00836999958822,0.00749065506147,0.0200872883659,0.0176724140179,0.000243461746662,27.6944076255,-5.77609800973,4.61865487234
2016-03-23 20:22:28,52.27452366666667,-40.28542733333333,400.6,3.796,34.855,0.0480000004172,0.000210209997931,0.408636888565,0.00836999958822,0.00749065506147,0.0200872883659,0.0125000001798,0.000286782546088,27.6972184204,-4.24158865246,5.3355007509
2016-03-23 20:22:28,52.27452366666667,-40.28542733333333,402.1,3.796,34.855,0.0360000003129,0.000222949997806,0.408636888565,0.00836999958822,0.00749065506147,0.0200872883659,0.00732758634178,0.00030840199927,27.6972309768,-3.47578438185,5.69324613223
2016-03-23 20:22:28,52.27452366666667,-40.28542733333333,404.3,3.796,34.855,0.0480000004172,0.00023568999768,0.408636888565,0.00836999958822,0.00749065506147,0.0200872883659,0.0125000001798,0.000265163092906,27.6972493193,-5.00739292308,4.97775536957
2016-03-23 20:22:28,52.27452366666667,-40.28542733333333,405.5,3.78,34.853,0.0600000005215,0.000197469998056,0.408636888565,0.00836999958822,0.00749065506147,0.0200872883659,0.0176724140179,0.000265141806342,27.6972872178,-5.00814693577,4.97740313263
2016-03-23 20:22:28,52.27452366666667,-40.28542733333333,408.0,3.78,34.853,0.0360000003129,0.000210209997931,0.408636888565,0.00836999958822,0.00749065506147,0.0200872883659,0.00732758634178,0.00035161961907,27.697307434,-1.94492985332,6.40838465795
2016-03-23 20:22:28,52.27452366666667,-40.28542733333333,410.5,3.817,34.86,0.0360000003129,0.000229319997743,0.408636888565,0.00836999958822,0.00749065506147,0.0200872883659,0.00732758634178,0.000243566710061,27.6991484642,-5.77237999621,4.62039174196
2016-03-23 20:22:28,52.27452366666667,-40.28542733333333,413.2,3.817,34.86,0.0480000004172,0.000216579997868,0.408636888565,0.00836999958822,0.00749065506147,0.0200872883659,0.0125000001798,0.000286805616425,27.6991704928,-4.24077145498,5.33588250462
2016-03-23 20:22:28,52.27452366666667,-40.28542733333333,414.8,3.817,34.86,0.0480000004172,0.000222949997806,0.408636888565,0.00836999958822,0.00749065506147,0.0200872883659,0.0125000001798,0.000351663975971,27.699183552,-1.94335864314,6.40911864861
2016-03-23 20:22:28,52.27452366666667,-40.28542733333333,415.9,3.816,34.859,0.0720000006258,0.000210209997931,0.408636888565,0.00836999958822,0.00749065506147,0.0200872883659,0.022844827856,0.000221947710353,27.6984981336,-6.53816820386,4.26265386444
2016-03-23 20:22:28,52.27452366666667,-40.28542733333333,418.8,3.816,34.859,0.0480000004172,0.000216579997868,0.408636888565,0.00836999958822,0.00749065506147,0.0200872883659,0.0125000001798,0.000308425523081,27.6985218121,-3.47495112141,5.69363538976
2016-03-23 20:22:28,52.27452366666667,-40.28542733333333,421.5,3.831,34.863,0.0480000004172,0.000229319997743,0.408636888565,0.00836999958822,0.00749065506147,0.0200872883659,0.0125000001798,0.000286821655954,27.7002025572,-4.24020330281,5.33614791684
2016-03-23 20:22:28,52.27452366666667,-40.28542733333333,424.2,3.831,34.863,0.0600000005215,0.000210209997931,0.408636888565,0.00836999958822,0.00749065506147,0.0200872883659,0.0176724140179,0.000330060562318,27.7002246971,-2.70859476159,6.0516386795
2016-03-23 20:22:28,52.27452366666667,-40.28542733333333,425.6,3.822,34.862,0.0480000004172,0.000216579997868,0.408636888565,0.00836999958822,0.00749065506147,0.0200872883659,0.0125000001798,0.000265190002984,27.7003556548,-5.00643971429,4.97820066095
2016-03-23 20:22:28,52.27452366666667,-40.28542733333333,428.4,3.822,34.862,0.0480000004172,0.000222949997806,0.408636888565,0.00836999958822,0.00749065506147,0.0200872883659,0.0125000001798,0.000243570549802,27.7003785889,-5.7722439849,4.62045527962
2016-03-23 20:22:28,52.27452366666667,-40.28542733333333,431.2,3.851,34.867,0.0360000003129,0.000222949997806,0.408636888565,0.00836999958822,0.00749065506147,0.0200872883659,0.00732758634178,0.000265225670748,27.701428193,-5.00517629078,4.97879086911
2016-03-23 20:22:28,52.27452366666667,-40.28542733333333,434.0,3.851,34.867,0.0360000003129,0.000229319997743,0.408636888565,0.00836999958822,0.00749065506147,0.0200872883659,0.00732758634178,0.000308464577112,27.7014512926,-3.47356774955,5.69428163177
2016-03-23 20:22:28,52.27452366666667,-40.28542733333333,435.3,3.848,34.867,0.0360000003129,0.000210209997931,0.408636888565,0.00836999958822,0.00749065506147,0.0200872883659,0.00732758634178,0.000265220931462,27.7017679813,-5.00534416576,4.97871244633
2016-03-23 20:22:28,52.27452366666667,-40.28542733333333,438.2,3.848,34.867,0.0600000005215,0.000222949997806,0.40226659845,0.00775986480087,0.00740686633378,0.0203998493488,0.0176724140179,0.00024360147828,27.7017919094,-5.77114843637,4.620967065
2016-03-23 20:22:28,52.27452366666667,-40.28542733333333,441.0,3.866,34.871,0.0360000003129,0.000222949997806,0.40226659845,0.00775986480087,0.00740686633378,0.0203998493488,0.00732758634178,0.000222002309473,27.7031613712,-6.53623419385,4.263557337
2016-03-23 20:22:28,52.27452366666667,-40.28542733333333,443.8,3.866,34.871,0.0240000002086,0.000222949997806,0.40226659845,0.00775986480087,0.00740686633378,0.0203998493488,0.00215517250371,0.000286860669019,27.7031845874,-4.23882138201,5.33679348099
2016-03-23 20:22:28,52.27452366666667,-40.28542733333333,445.1,3.869,34.872,0.0240000002086,0.000203839997994,0.40226659845,0.00775986480087,0.00740686633378,0.0203998493488,0.00215517250371,0.000286863369021,27.7036846646,-4.23872574254,5.33683815896
2016-03-23 20:22:28,52.27452366666667,-40.28542733333333,447.9,3.869,34.872,0.0120000001043,0.000229319997743,0.40226659845,0.00775986480087,0.00740686633378,0.0203998493488,-0.00301724133435,0.000330102275385,27.7037079134,-2.70711720132,6.05232892162
2016-03-23 20:22:28,52.27452366666667,-40.28542733333333,451.1,3.931,34.88,0.0360000003129,0.000222949997806,0.40226659845,0.00775986480087,0.00740686633378,0.0203998493488,0.00732758634178,0.00026532532088,27.7037406941,-5.00164648379,4.98043981806
2016-03-23 20:22:28,52.27452366666667,-40.28542733333333,454.0,3.931,34.88,0.0360000003129,0.000216579997868,0.40226659845,0.00775986480087,0.00740686633378,0.0203998493488,0.00732758634178,0.00026532532088,27.7037651131,-5.00164648379,4.98043981806
2016-03-23 20:22:28,52.27452366666667,-40.28542733333333,455.3,3.912,34.878,0.0360000003129,0.000216579997868,0.40226659845,0.00775986480087,0.00740686633378,0.0203998493488,0.00732758634178,0.000243680036724,27.7041385326,-5.76836573916,4.6222670017
2016-03-23 20:22:28,52.27452366666667,-40.28542733333333,456.8,3.912,34.878,0.0360000003129,0.000222949997806,0.40226659845,0.00775986480087,0.00740686633378,0.0203998493488,0.00732758634178,0.000286918943088,27.7041511215,-4.23675719793,5.33775776436
2016-03-23 20:22:28,52.27452366666667,-40.28542733333333,459.7,3.912,34.878,0.0360000003129,0.000229319997743,0.40226659845,0.00775986480087,0.00740686633378,0.0203998493488,0.00732758634178,0.000286918943088,27.7041754697,-4.23675719793,5.33775776436
2016-03-23 20:22:28,52.27452366666667,-40.28542733333333,462.5,3.908,34.88,0.0360000003129,0.000216579997868,0.40226659845,0.00775986480087,0.00740686633378,0.0203998493488,0.00732758634178,0.000286908577278,27.7062013094,-4.23712437566,5.33758623732
2016-03-23 20:22:28,52.27452366666667,-40.28542733333333,465.1,3.908,34.88,0.0480000004172,0.000210209997931,0.40226659845,0.00775986480087,0.00740686633378,0.0203998493488,0.0125000001798,0.000286908577278,27.7062231451,-4.23712437566,5.33758623732
2016-03-23 20:22:28,52.27452366666667,-40.28542733333333,466.8,3.909,34.881,0.0360000003129,0.000216579997868,0.40226659845,0.00775986480087,0.00740686633378,0.0203998493488,0.00732758634178,0.00033014702471,27.7069305408,-2.70553209073,6.05306940586
2016-03-23 20:22:28,52.27452366666667,-40.28542733333333,469.8,3.909,34.881,0.0360000003129,0.000216579997868,0.40226659845,0.00775986480087,0.00740686633378,0.0203998493488,0.00732758634178,0.0002220497588,27.7069557624,-6.53455344379,4.26434249921
2016-03-23 20:22:28,52.27452366666667,-40.28542733333333,471.1,3.914,34.882,0.0360000003129,0.000216579997868,0.40226659845,0.00775986480087,0.00740686633378,0.0203998493488,0.00732758634178,0.000222055597765,27.7072489676,-6.53434661598,4.2644391188
2016-03-23 20:22:28,52.27452366666667,-40.28542733333333,474.0,3.914,34.882,0.0480000004172,0.000229319997743,0.40226659845,0.00775986480087,0.00740686633378,0.0203998493488,0.0125000001798,0.000222055597765,27.7072733929,-6.53434661598,4.2644391188
2016-03-23 20:22:28,52.27452366666667,-40.28542733333333,475.6,3.913,34.882,0.0360000003129,0.000216579997868,0.40226659845,0.00775986480087,0.00740686633378,0.0203998493488,0.00732758634178,0.000265292929782,27.7073895928,-5.00279384126,4.97990383014
2016-03-23 20:22:28,52.27452366666667,-40.28542733333333,478.4,3.913,34.882,0.0360000003129,0.000216579997868,0.40226659845,0.00775986480087,0.00740686633378,0.0203998493488,0.00732758634178,0.000265292929782,27.7074131898,-5.00279384126,4.97990383014
2016-03-23 20:22:28,52.27452366666667,-40.28542733333333,481.4,3.915,34.883,0.0360000003129,0.000222949997806,0.40226659845,0.00775986480087,0.00740686633378,0.0203998493488,0.00732758634178,0.000243674591688,27.7080288282,-5.76855861323,4.6221769006
2016-03-23 20:22:28,52.27452366666667,-40.28542733333333,484.6,3.915,34.883,0.0360000003129,0.000210209997931,0.40226659845,0.00775986480087,0.00740686633378,0.0203998493488,0.00732758634178,0.000243674591688,27.7080558373,-5.76855861323,4.6221769006
2016-03-23 20:22:28,52.27452366666667,-40.28542733333333,485.5,3.914,34.883,0.0480000004172,0.000216579997868,0.40226659845,0.00775986480087,0.00740686633378,0.0203998493488,0.0125000001798,0.000265292470593,27.7081661527,-5.00281010666,4.97989623176
2016-03-23 20:22:28,52.27452366666667,-40.28542733333333,487.5,3.914,34.883,0.0240000002086,0.000242059997618,0.40226659845,0.00775986480087,0.00740686633378,0.0203998493488,0.00215517250371,0.000243673017411,27.7081830405,-5.76861437727,4.62215085043
2016-03-23 20:22:28,52.27452366666667,-40.28542733333333,490.5,3.901,34.883,0.0360000003129,0.000216579997868,0.40226659845,0.00775986480087,0.00740686633378,0.0203998493488,0.00732758634178,0.000265271996883,27.7095425048,-5.00353532641,4.97955744543
2016-03-23 20:22:28,52.27452366666667,-40.28542733333333,493.4,3.901,34.883,0.0240000002086,0.000216579997868,0.394051339289,0.00834600657661,0.00879781640704,0.0167107152003,0.00215517250371,0.000265271996883,27.709566952,-5.00353532641,4.97955744543
2016-03-23 20:22:28,52.27452366666667,-40.28542733333333,495.0,3.905,34.883,0.0120000001043,0.000210209997931,0.394051339289,0.00834600657661,0.00879781640704,0.0167107152003,-0.00301724133435,0.000222039391726,27.7091701907,-6.53492066628,4.26417095126
2016-03-23 20:22:28,52.27452366666667,-40.28542733333333,497.9,3.905,34.883,0.0360000003129,0.000216579997868,0.394051339289,0.00834600657661,0.00879781640704,0.0167107152003,0.00732758634178,0.000243658844908,27.7091946773,-5.76911639566,4.62191633259
2016-03-23 20:22:28,52.27452366666667,-40.28542733333333,500.3,3.893,34.883,0.0120000001043,0.000229319997743,0.394051339289,0.00834600657661,0.00879781640704,0.0167107152003,-0.00301724133435,0.00026525939019,27.7104450388,-5.0039818807,4.97934883765
2016-03-23 20:22:28,52.27452366666667,-40.28542733333333,502.4,3.893,34.883,0.0360000003129,0.000210209997931,0.394051339289,0.00834600657661,0.00879781640704,0.0167107152003,0.00732758634178,0.00026525939019,27.7104627431,-5.0039818807,4.97934883765
2016-03-23 20:22:28,52.27452366666667,-40.28542733333333,505.1,3.893,34.883,0.0360000003129,0.000210209997931,0.394051339289,0.00834600657661,0.00879781640704,0.0167107152003,0.00732758634178,0.000178781577462,27.7104854891,-8.06719896315,3.54836731232
2016-03-23 20:22:28,52.27452366666667,-40.28542733333333,507.3,3.894,34.883,0.0360000003129,0.000203839997994,0.394051339289,0.00834600657661,0.00879781640704,0.0167107152003,0.00732758634178,0.000222022059974,27.7104010402,-6.53553459159,4.26388415612
2016-03-23 20:22:28,52.27452366666667,-40.28542733333333,509.4,3.884,34.883,0.0360000003129,0.000210209997931,0.394051339289,0.00834600657661,0.00879781640704,0.0167107152003,0.00732758634178,0.000243625747657,27.7114419466,-5.77028876648,4.62136865969
2016-03-23 20:22:28,52.27452366666667,-40.28542733333333,511.5,3.884,34.883,0.0360000003129,0.000222949997806,0.394051339289,0.00834600657661,0.00879781640704,0.0167107152003,0.00732758634178,0.000243625747657,27.7114590919,-5.77028876648,4.62136865969
2016-03-23 20:22:28,52.27452366666667,-40.28542733333333,512.3,3.884,34.883,0.0240000002086,0.000210209997931,0.394051339289,0.00834600657661,0.00879781640704,0.0167107152003,0.00215517250371,0.000243625747657,27.7114656251,-5.77028876648,4.62136865969
2016-03-23 20:22:28,52.27452366666667,-40.28542733333333,513.6,nan,nan,0.0360000003129,0.000210209997931,0.394051339289,0.00834600657661,0.00879781640704,0.0167107152003,0.00732758634178,nan,nan,nan,nan
2016-03-23 20:22:28,52.27452366666667,-40.28542733333333,514.3,nan,nan,0.0360000003129,0.000197469998056,nan,nan,nan,nan,0.00732758634178,nan,nan,nan,nan
2016-03-23 20:22:28,52.27452366666667,-40.28542733333333,514.6,nan,nan,0.0360000003129,0.000216579997868,nan,nan,nan,nan,0.00732758634178,nan,nan,nan,nan
2016-03-23 20:22:28,52.27452366666667,-40.28542733333333,514.8,nan,nan,0.0360000003129,0.000203839997994,nan,nan,nan,nan,0.00732758634178,nan,nan,nan,nan
2016-03-23 20:22:28,52.27452366666667,-40.28542733333333,515.1,nan,nan,0.0240000002086,0.000216579997868,nan,nan,nan,nan,0.00215517250371,nan,nan,nan,nan
2016-03-23 20:22:28,52.27452366666667,-40.28542733333333,515.4,nan,nan,0.0360000003129,0.000210209997931,nan,nan,nan,nan,0.00732758634178,nan,nan,nan,nan
2016-03-23 20:22:28,52.27452366666667,-40.28542733333333,515.7,nan,nan,0.0240000002086,0.000203839997994,nan,nan,nan,nan,0.00215517250371,nan,nan,nan,nan
2016-03-23 20:22:28,52.27452366666667,-40.28542733333333,515.9,nan,nan,0.0360000003129,0.000191099998119,nan,nan,nan,nan,0.00732758634178,nan,nan,nan,nan
