datetime,lat,lon,p,t,s,fchl,fdom,par,ed380,ed412,ed490,chla_adj,bbp,sigma,poc,cphyto
2013-05-25 15:30:24,57.488998333333335,-52.54322033333333,0.4,nan,nan,0.1971,1.8354,545.418473605,25.5084165726,41.518175944,46.7650919875,0.317478448276,nan,nan,nan,nan
2013-05-25 15:30:24,57.488998333333335,-52.54322033333333,1.0,3.644,34.622,0.219,2.0102,533.45627805,26.0036730441,43.5043265953,50.6052815602,0.317478448276,0.000960943048778,27.5228606705,19.6385246738,16.4910930817
2013-05-25 15:30:24,57.488998333333335,-52.54322033333333,1.2,3.644,34.622,0.2263,1.8354,533.45627805,26.0036730441,43.5043265953,50.6052815602,0.317478448276,0.000905375400618,27.5228615824,17.6702074407,15.5715939013
2013-05-25 15:30:24,57.488998333333335,-52.54322033333333,1.6,3.644,34.622,0.4599,1.311,533.45627805,26.0036730441,43.5043265953,50.6052815602,0.317478448276,0.00112764599326,27.5228634064,25.5434763732,19.2495906228
2013-05-25 15:30:24,57.488998333333335,-52.54322033333333,2.1,3.643,34.623,0.2847,1.311,510.841848384,25.9455226576,44.2519098785,52.6967087496,0.317478448276,0.00108318823572,27.5237614981,23.9686936857,18.5139310624
2013-05-25 15:30:24,57.488998333333335,-52.54322033333333,2.4,3.643,34.623,0.292,1.9228,510.841848384,25.9455226576,44.2519098785,52.6967087496,0.317478448276,0.000949825880137,27.5237628661,19.2447323262,16.3071330295
2013-05-25 15:30:24,57.488998333333335,-52.54322033333333,2.7,3.643,34.623,0.219,1.748,432.143623548,22.4360840896,38.7829113092,47.1182457774,0.317478448276,0.000894258231977,27.5237642343,17.2764150931,15.3876338492
2013-05-25 15:30:24,57.488998333333335,-52.54322033333333,3.0,3.643,34.623,0.2044,1.8354,432.143623548,22.4360840896,38.7829113092,47.1182457774,0.317478448276,0.00110541529499,27.5237656026,24.756020579,18.8817307345
2013-05-25 15:30:24,57.488998333333335,-52.54322033333333,3.5,3.642,34.625,0.2336,1.6606,381.007671296,20.1702306656,35.7243276235,44.848280289,0.317478448276,0.000927593136164,27.5254599316,18.4572040692,15.9392392903
2013-05-25 15:30:24,57.488998333333335,-52.54322033333333,3.9,3.642,34.625,0.3358,2.3598,381.007671296,20.1702306656,35.7243276235,44.848280289,0.317478448276,0.00119431784733,27.5254617561,27.9051267882,20.3528353561
2013-05-25 15:30:24,57.488998333333335,-52.54322033333333,4.3,3.639,34.627,0.2409,2.185,351.256209252,18.7443906803,33.9736814452,43.9624625432,0.317478448276,0.00089424367491,27.5273547026,17.2758994527,15.3873929678
2013-05-25 15:30:24,57.488998333333335,-52.54322033333333,4.5,3.639,34.627,0.2336,1.8354,351.256209252,18.7443906803,33.9736814452,43.9624625432,0.317478448276,0.000916470734174,27.5273556143,18.0632263459,15.75519264
2013-05-25 15:30:24,57.488998333333335,-52.54322033333333,4.9,3.638,34.627,0.2774,1.6606,331.150050907,17.6798128302,32.4079738747,42.6104747597,0.317478448276,0.000983150318039,27.527456956,20.4251505656,16.8585652811
2013-05-25 15:30:24,57.488998333333335,-52.54322033333333,5.4,3.637,34.629,0.2263,2.185,331.150050907,17.6798128302,32.4079738747,42.6104747597,0.317478448276,0.000916463455023,27.5291512603,18.0629685038,15.755072189
2013-05-25 15:30:24,57.488998333333335,-52.54322033333333,5.8,3.637,34.629,0.5183,1.5732,290.327771666,15.2615821362,29.0361845471,39.9698795476,0.317478448276,0.000905349925391,27.5291530833,17.6693050572,15.571172353
2013-05-25 15:30:24,57.488998333333335,-52.54322033333333,6.2,3.637,34.629,0.2701,0.9614,290.327771666,15.2615821362,29.0361845471,39.9698795476,0.317478448276,0.000949804043919,27.5291549065,19.2439588437,16.3067716973
2013-05-25 15:30:24,57.488998333333335,-52.54322033333333,6.6,3.637,34.629,0.3358,1.748,290.327771666,15.2615821362,29.0361845471,39.9698795476,0.317478448276,0.00102759875134,27.5291567299,21.9996029701,17.5940705498
2013-05-25 15:30:24,57.488998333333335,-52.54322033333333,6.9,3.637,34.629,0.365,2.3598,261.975959148,13.682510183,26.2795086732,36.7709026279,0.317478448276,0.000872009336495,27.5291580976,16.4883147173,15.0194728448
2013-05-25 15:30:24,57.488998333333335,-52.54322033333333,7.4,3.637,34.628,0.4307,2.0102,261.975959148,13.682510183,26.2795086732,36.7709026279,0.317478448276,0.00111650903399,27.5283641168,25.148983002,19.0653030875
2013-05-25 15:30:24,57.488998333333335,-52.54322033333333,7.6,3.637,34.628,0.3139,1.9228,261.975959148,13.682510183,26.2795086732,36.7709026279,0.317478448276,0.000916465500613,27.5283650288,18.0630409627,15.7551060382
2013-05-25 15:30:24,57.488998333333335,-52.54322033333333,8.2,3.636,34.628,0.292,1.748,242.026033281,12.4124863754,24.3882632142,35.0664929917,0.317478448276,0.000894236847223,27.5284672568,17.2756576023,15.3872799875
2013-05-25 15:30:24,57.488998333333335,-52.54322033333333,8.5,3.636,34.628,0.4891,2.0102,242.026033281,12.4124863754,24.3882632142,35.0664929917,0.317478448276,0.000972031554647,27.5284686247,20.0313017287,16.67457884
2013-05-25 15:30:24,57.488998333333335,-52.54322033333333,8.9,3.636,34.628,0.3358,2.0102,215.63157864,10.6172098547,21.7157348977,32.8676780996,0.317478448276,0.000883123317591,27.5284704488,16.8819941557,15.2033801514
2013-05-25 15:30:24,57.488998333333335,-52.54322033333333,9.5,3.636,34.629,0.3285,2.185,215.63157864,10.6172098547,21.7157348977,32.8676780996,0.317478448276,0.000905348331245,27.5292694493,17.6692485894,15.571145974
2013-05-25 15:30:24,57.488998333333335,-52.54322033333333,10.1,3.637,34.628,0.3285,2.185,198.424166399,9.68463108804,19.9663980959,30.5919369057,0.317478448276,0.000905351970981,27.528376851,17.6693775161,15.5712062021
2013-05-25 15:30:24,57.488998333333335,-52.54322033333333,10.9,3.637,34.628,0.4161,1.8354,186.098331287,8.7236075861,18.5874645591,29.6723136534,0.317478448276,0.00123875785994,27.5283838397,29.4792809149,21.0882012843
2013-05-25 15:30:24,57.488998333333335,-52.54322033333333,11.6,3.636,34.629,0.7081,2.0976,186.098331287,8.7236075861,18.5874645591,29.6723136534,0.317478448276,0.000894234801613,27.5292857067,17.2755851427,15.387246138
2013-05-25 15:30:24,57.488998333333335,-52.54322033333333,12.2,3.636,34.629,0.7081,2.0976,168.123806937,7.66998004456,16.6739037047,27.346744678,0.317478448276,0.000894234801613,27.5292909489,17.2755851427,15.387246138
2013-05-25 15:30:24,57.488998333333335,-52.54322033333333,13.0,3.635,34.629,0.3723,1.6606,154.031478766,6.63641085415,15.0227418527,25.947937759,0.317478448276,0.000983141444433,27.5293974139,20.4248362447,16.8584184461
2013-05-25 15:30:24,57.488998333333335,-52.54322033333333,13.4,3.635,34.629,0.3723,1.6606,154.031478766,6.63641085415,15.0227418527,25.947937759,0.317478448276,0.000983141444433,27.5294009088,20.4248362447,16.8584184461
2013-05-25 15:30:24,57.488998333333335,-52.54322033333333,14.2,3.632,34.629,0.4088,1.9228,142.131284772,5.93376422434,13.714871833,24.3702040702,0.317478448276,0.00100536372045,27.5297062455,21.2119937059,17.2261389681
2013-05-25 15:30:24,57.488998333333335,-52.54322033333333,15.0,3.632,34.629,0.3942,1.9228,130.357353706,5.41825618185,12.5459654784,22.4406520803,0.317478448276,0.00110538548714,27.5297132332,24.7549647255,18.8812374927
2013-05-25 15:30:24,57.488998333333335,-52.54322033333333,15.5,3.628,34.629,0.3942,1.9228,130.357353706,5.41825618185,12.5459654784,22.4406520803,0.317478448276,0.00110537910822,27.5301152189,24.7547387715,18.8811319383
2013-05-25 15:30:24,57.488998333333335,-52.54322033333333,16.3,3.628,34.629,0.4745,1.748,121.209722521,4.77006610909,11.4527783983,21.4303067098,0.317478448276,0.00103869793043,27.5301222031,22.3927580918,17.7777329219
2013-05-25 15:30:24,57.488998333333335,-52.54322033333333,17.4,3.628,34.629,0.4526,1.9228,110.324008402,4.10404470042,10.1992152353,20.0105151966,0.317478448276,0.0010275844008,27.5301318081,21.9990946452,17.5938330858
2013-05-25 15:30:24,57.488998333333335,-52.54322033333333,18.2,3.628,34.63,2.4382,1.9228,100.301072908,3.49248458208,9.0374625621,18.6980580991,0.317478448276,0.000883106469842,27.5309350841,16.8813973748,15.2031013652
2013-05-25 15:30:24,57.488998333333335,-52.54322033333333,18.6,3.628,34.63,2.4382,1.9228,100.301072908,3.49248458208,9.0374625621,18.6980580991,0.317478448276,0.000883106469842,27.5309385779,16.8813973748,15.2031013652
2013-05-25 15:30:24,57.488998333333335,-52.54322033333333,19.5,3.627,34.63,1.2629,2.0102,93.1807027486,3.19452570096,8.3364339074,17.5013012034,0.317478448276,0.0012053972342,27.5310458106,28.2975808298,20.5361702187
2013-05-25 15:30:24,57.488998333333335,-52.54322033333333,20.6,3.627,34.629,0.7738,2.0976,85.8113396169,2.85185527163,7.57590627438,16.3195439136,0.317478448276,0.000927561039159,27.5302623785,18.4560671291,15.9387081689
2013-05-25 15:30:24,57.488998333333335,-52.54322033333333,21.7,3.627,34.629,0.6059,1.748,79.3753702541,2.48030278437,6.83343436348,15.4405397278,0.252974137931,0.00112760457254,27.530277951,25.5420091683,19.2489052182
2013-05-25 15:30:24,57.488998333333335,-52.54322033333333,22.7,3.629,34.629,0.7373,1.748,72.2988690139,2.11028202512,6.04765459464,14.4166108609,0.309612068966,0.000983131877136,27.5300933715,20.4244973519,16.8582601324
2013-05-25 15:30:24,57.488998333333335,-52.54322033333333,23.4,3.628,34.63,0.7227,1.9228,67.3363489503,1.93571963314,5.58535419639,13.4957379866,0.303318965517,0.000938674118002,27.5309989515,18.8497146079,16.1226005456
2013-05-25 15:30:24,57.488998333333335,-52.54322033333333,23.9,3.628,34.63,0.7227,1.9228,67.3363489503,1.93571963314,5.58535419639,13.4957379866,0.303318965517,0.000938674118002,27.5310060329,18.8497146079,16.1226005456
2013-05-25 15:30:24,57.488998333333335,-52.54322033333333,24.7,3.628,34.63,0.6351,2.3598,62.7363849743,1.74979429072,5.13239301557,12.7064484353,0.265560344828,0.00116094471064,27.531017364,26.7229835404,19.800597267
2013-05-25 15:30:24,57.488998333333335,-52.54322033333333,25.5,3.628,34.629,0.7081,1.8354,57.8101959754,1.50786544908,4.59136882015,11.9686979243,0.297025862069,0.00163882853056,27.5302324026,43.6505842095,27.7083240698
2013-05-25 15:30:24,57.488998333333335,-52.54322033333333,26.0,3.628,34.629,0.7081,1.8354,57.8101959754,1.50786544908,4.59136882015,11.9686979243,0.297025862069,0.00163882853056,27.5302394853,43.6505842095,27.7083240698
2013-05-25 15:30:24,57.488998333333335,-52.54322033333333,26.8,3.629,34.629,0.6132,2.0102,53.9080446044,1.35129177506,4.20357822507,11.3017018082,0.256120689655,0.00102758599566,27.53015145,21.9991511384,17.5938594767
2013-05-25 15:30:24,57.488998333333335,-52.54322033333333,27.7,3.628,34.63,0.9198,2.0102,49.5203168873,1.16801403491,3.7545451739,10.5797587675,0.388275862069,0.00111649059211,27.5310598641,25.1483297539,19.0649979227
2013-05-25 15:30:24,57.488998333333335,-52.54322033333333,28.1,3.628,34.63,0.9198,2.0102,49.5203168873,1.16801403491,3.7545451739,10.5797587675,0.388275862069,0.00111649059211,27.5310655318,25.1483297539,19.0649979227
2013-05-25 15:30:24,57.488998333333335,-52.54322033333333,29.0,3.628,34.63,0.6935,1.9228,45.6223020493,1.0311078771,3.38776855479,9.86919512847,0.290732758621,0.00101646882543,27.5310782851,21.6053587343,17.4098993981
2013-05-25 15:30:24,57.488998333333335,-52.54322033333333,29.5,3.628,34.63,0.6935,1.9228,45.6223020493,1.0311078771,3.38776855479,9.86919512847,0.290732758621,0.00101646882543,27.5310853708,21.6053587343,17.4098993981
2013-05-25 15:30:24,57.488998333333335,-52.54322033333333,30.3,3.628,34.63,0.7227,1.8354,42.8693871129,0.936454320835,3.13173106526,9.36286517619,0.303318965517,0.00112760412175,27.5310969206,25.5419932005,19.2488977588
2013-05-25 15:30:24,57.488998333333335,-52.54322033333333,31.2,3.628,34.63,1.3651,2.0102,39.7938187347,0.835670978717,2.85181830403,8.7902740568,0.580215517241,0.00098312823653,27.5311103125,20.4243683944,16.8581998899
2013-05-25 15:30:24,57.488998333333335,-52.54322033333333,32.3,3.628,34.63,0.6716,2.0976,36.5121705278,0.735696184784,2.55901512406,8.15781593661,0.281293103448,0.000972014706898,27.5311266821,20.0307049478,16.6743000538
2013-05-25 15:30:24,57.488998333333335,-52.54322033333333,32.6,3.628,34.63,0.6716,2.0976,36.5121705278,0.735696184784,2.55901512406,8.15781593661,0.281293103448,0.000972014706898,27.5311311469,20.0307049478,16.6743000538
2013-05-25 15:30:24,57.488998333333335,-52.54322033333333,33.7,3.629,34.63,1.095,1.8354,33.5132692476,0.612891695599,2.24625389795,7.67973058989,0.463793103448,0.000994243361046,27.5310481584,20.818088335,17.0421261171
2013-05-25 15:30:24,57.488998333333335,-52.54322033333333,34.9,3.629,34.629,0.8614,2.0102,30.8483746253,0.556351812646,2.04510236149,7.10093470778,0.363103448276,0.000905337169712,27.5302697266,17.6688532255,15.5709612799
2013-05-25 15:30:24,57.488998333333335,-52.54322033333333,35.9,3.629,34.63,0.8249,1.9228,28.4659096279,0.474817090147,1.81807627119,6.6727881341,0.347370689655,0.000994243361046,27.5310809114,20.818088335,17.0421261171
2013-05-25 15:30:24,57.488998333333335,-52.54322033333333,36.4,3.63,34.629,0.8249,1.9228,28.4659096279,0.474817090147,1.81807627119,6.6727881341,0.347370689655,0.000994247001542,27.5301926938,20.8182172886,17.0421863578
2013-05-25 15:30:24,57.488998333333335,-52.54322033333333,37.4,3.629,34.63,0.8614,1.9228,26.2096727338,0.424289336862,1.64430287605,6.19529612317,0.363103448276,0.000938675712886,27.5311032472,18.8497711018,16.1226269367
2013-05-25 15:30:24,57.488998333333335,-52.54322033333333,38.8,3.627,34.631,0.7957,1.9228,24.0680282509,0.370160560487,1.46735049264,5.75348543224,0.334784482759,0.000927556947662,27.5321190939,18.4559222001,15.9386404653
2013-05-25 15:30:24,57.488998333333335,-52.54322033333333,39.8,3.629,34.63,0.9928,1.9228,21.8233960923,0.307953064111,1.27302109389,5.32034837727,0.41974137931,0.000916448653622,27.5311389917,18.0624442086,15.7548272646
2013-05-25 15:30:24,57.488998333333335,-52.54322033333333,40.6,3.628,34.63,1.168,2.0976,21.8233960923,0.307953064111,1.27302109389,5.32034837727,0.49525862069,0.00127208000696,27.53124875,30.6596180066,21.6395956277
2013-05-25 15:30:24,57.488998333333335,-52.54322033333333,41.4,3.627,34.631,1.168,2.0976,20.0691501119,0.271542700755,1.14005822224,4.94404151514,0.49525862069,0.00127207636625,27.5321542976,30.6594890455,21.6395353835
2013-05-25 15:30:24,57.488998333333335,-52.54322033333333,42.4,3.628,34.63,0.6716,1.9228,18.6155824839,0.244218573013,1.03770405364,4.60910581194,0.281293103448,0.000938674118002,27.5312710395,18.8497146079,16.1226005456
2013-05-25 15:30:24,57.488998333333335,-52.54322033333333,43.3,3.628,34.63,0.7519,1.6606,16.9822594741,0.207134391328,0.905670683152,4.27186026827,0.315905172414,0.000960901177266,27.5312821861,19.6370415011,16.4904002177
2013-05-25 15:30:24,57.488998333333335,-52.54322033333333,43.8,3.628,34.63,0.7519,1.6606,16.9822594741,0.207134391328,0.905670683152,4.27186026827,0.315905172414,0.000960901177266,27.5312883792,19.6370415011,16.4904002177
2013-05-25 15:30:24,57.488998333333335,-52.54322033333333,44.8,3.62,34.634,0.8687,2.0976,15.6882172984,0.179446983208,0.809052957193,3.99709720695,0.36625,0.00093865317237,27.5352803822,18.8489726717,16.1222539502
2013-05-25 15:30:24,57.488998333333335,-52.54322033333333,45.5,3.618,34.636,0.8395,2.0102,15.6882172984,0.179446983208,0.809052957193,3.99709720695,0.353663793103,0.00108312177437,27.5370801889,23.9663394916,18.5128313009
2013-05-25 15:30:24,57.488998333333335,-52.54322033333333,46.0,3.618,34.636,0.8395,2.0102,14.848930622,0.166111939297,0.752264680099,3.7957843668,0.353663793103,0.00108312177437,27.5370863774,23.9663394916,18.5128313009
2013-05-25 15:30:24,57.488998333333335,-52.54322033333333,46.7,3.618,34.638,0.8614,1.9228,14.1970803544,0.157101267353,0.710042811952,3.63572920907,0.363103448276,0.00120536650883,27.5386877095,28.2964924758,20.5356617943
2013-05-25 15:30:24,57.488998333333335,-52.54322033333333,47.5,3.62,34.64,0.9271,2.0102,13.5980492404,0.14623446765,0.667785579145,3.50159915298,0.391422413793,0.000971981487043,27.5400917801,20.029528234,16.6737503521
2013-05-25 15:30:24,57.488998333333335,-52.54322033333333,48.2,3.63,34.644,0.6716,2.0102,12.9944907703,0.134089340249,0.622324897509,3.36996778878,0.281293103448,0.00127205455955,27.5422924372,30.6587166084,21.6391745396
2013-05-25 15:30:24,57.488998333333335,-52.54322033333333,48.6,3.63,34.644,0.8541,1.8354,12.9944907703,0.134089340249,0.622324897509,3.36996778878,0.359956896552,0.000949762200221,27.5422973988,19.2424766562,16.3060792936
2013-05-25 15:30:24,57.488998333333335,-52.54322033333333,49.0,3.63,34.644,0.8541,1.8354,12.3773115369,0.124350755179,0.582183060809,3.22738884097,0.359956896552,0.000949762200221,27.5423023607,19.2424766562,16.3060792936
2013-05-25 15:30:24,57.488998333333335,-52.54322033333333,49.6,3.635,34.648,1.898,1.9228,11.7728669433,0.114803699503,0.53965911952,3.08748280322,0.809913793103,0.000927534934271,27.5449978606,18.4551424418,15.9382762013
2013-05-25 15:30:24,57.488998333333335,-52.54322033333333,50.3,3.65,34.653,2.1024,1.8354,11.2508202293,0.107456104507,0.506388046941,2.96078670059,0.898017241379,0.000871980972061,27.5474942611,16.4873099924,15.0190034876
2013-05-25 15:30:24,57.488998333333335,-52.54322033333333,51.0,3.668,34.661,1.4089,1.8354,10.7390664785,0.100437811595,0.474809173365,2.83437580777,0.599094827586,0.00106092328878,27.5520762374,23.1800247351,18.1455044483
2013-05-25 15:30:24,57.488998333333335,-52.54322033333333,51.5,3.668,34.661,1.0585,2.0102,10.7390664785,0.100437811595,0.474809173365,2.83437580777,0.448060344828,0.0017277350667,27.5520820153,46.7998315326,29.1794946126
2013-05-25 15:30:24,57.488998333333335,-52.54322033333333,51.9,3.668,34.661,1.0585,2.0102,10.1479988676,0.0910082430586,0.433522111077,2.69924102907,0.448060344828,0.0017277350667,27.5520866379,46.7998315326,29.1794946126
2013-05-25 15:30:24,57.488998333333335,-52.54322033333333,52.6,3.725,34.689,3.6427,2.0102,9.49296397269,0.0829836178559,0.395794501866,2.52542815669,1.56193965517,0.00177222258713,27.5686710071,48.3756684814,29.915646671
2013-05-25 15:30:24,57.488998333333335,-52.54322033333333,53.4,3.759,34.712,2.8689,2.0102,8.8709362118,0.0770130735641,0.362318608961,2.35139081619,1.22840517241,0.00138325601986,27.5835585878,34.5976947355,23.4792677413
2013-05-25 15:30:24,57.488998333333335,-52.54322033333333,53.6,3.759,34.712,2.8689,2.0102,8.8709362118,0.0770130735641,0.362318608961,2.35139081619,1.22840517241,0.00138325601986,27.5835609339,34.5976947355,23.4792677413
2013-05-25 15:30:24,57.488998333333335,-52.54322033333333,54.4,3.772,34.723,3.4383,2.0102,8.16760951929,0.0686577939081,0.319479627488,2.17046702565,1.4738362069,0.00192781712012,27.5910100748,53.887138029,32.4903290679
2013-05-25 15:30:24,57.488998333333335,-52.54322033333333,55.1,3.844,34.743,3.3434,2.185,7.518553056,0.0622112153932,0.285502440521,1.98430785442,1.43293103448,0.00311703782176,27.5996084626,96.0117137223,52.1688199997
2013-05-25 15:30:24,57.488998333333335,-52.54322033333333,55.5,3.844,34.743,3.3434,2.185,7.518553056,0.0622112153932,0.285502440521,1.98430785442,1.43293103448,0.00311703782176,27.5996132171,96.0117137223,52.1688199997
2013-05-25 15:30:24,57.488998333333335,-52.54322033333333,56.1,3.815,34.75,5.4166,2.0102,6.89309688704,0.055990313614,0.250606656498,1.80897561172,2.32655172414,0.00200562479087,27.6081503467,56.6432413423,33.7778424295
2013-05-25 15:30:24,57.488998333333335,-52.54322033333333,56.8,3.815,34.75,2.3287,1.9228,6.37777155543,0.0505143986321,0.223390013793,1.66461168678,0.995560344828,0.00148328889817,27.608158638,38.1410593509,25.1345501341
2013-05-25 15:30:24,57.488998333333335,-52.54322033333333,57.6,3.83,34.754,2.9857,2.0976,5.80842364484,0.0454108925257,0.192573543356,1.51455792292,1.27875,0.00198341327559,27.6098216423,55.856465048,33.4102999696
2013-05-25 15:30:24,57.488998333333335,-52.54322033333333,57.9,3.83,34.754,2.9857,2.0976,5.80842364484,0.0454108925257,0.192573543356,1.51455792292,1.27875,0.00198341327559,27.6098252042,55.856465048,33.4102999696
2013-05-25 15:30:24,57.488998333333335,-52.54322033333333,58.6,3.854,34.756,4.0296,2.0102,5.36141495471,0.0414558866011,0.171384512324,1.37952640507,1.72870689655,0.00219460413992,27.6089717542,63.3372678444,36.9049561785
2013-05-25 15:30:24,57.488998333333335,-52.54322033333333,59.4,3.848,34.756,2.5769,2.0102,4.95335700449,0.0379644054775,0.151639538261,1.26190013982,1.10254310345,0.00206123231958,27.6095952583,58.6129712241,34.6980015285
2013-05-25 15:30:24,57.488998333333335,-52.54322033333333,59.7,3.848,34.756,2.5769,2.0102,4.95335700449,0.0379644054775,0.151639538261,1.26190013982,1.10254310345,0.00206123231958,27.6095988301,58.6129712241,34.6980015285
2013-05-25 15:30:24,57.488998333333335,-52.54322033333333,60.4,3.849,34.757,4.2851,1.9228,4.55955829097,0.0353076747068,0.13298320633,1.15129423239,1.8388362069,0.00189452891469,27.6103006058,52.7080032163,31.939496369
2013-05-25 15:30:24,57.488998333333335,-52.54322033333333,61.1,3.849,34.757,2.9638,1.8354,4.18712715005,0.0330465121471,0.116571351518,1.0467945205,1.26931034483,0.00206123185917,27.6103089429,58.6129549157,34.6979939101
2013-05-25 15:30:24,57.488998333333335,-52.54322033333333,61.7,3.846,34.758,6.5846,1.8354,4.18712715005,0.0330465121471,0.116571351518,1.0467945205,2.83,0.00221681450253,27.6114186939,64.1240033085,37.2724795646
2013-05-25 15:30:24,57.488998333333335,-52.54322033333333,62.2,3.827,34.758,6.5846,1.8354,3.84038198286,0.0299722371537,0.101506595565,0.947502579455,2.83,0.00221678450546,27.613365615,64.1229407525,37.2719831916
2013-05-25 15:30:24,57.488998333333335,-52.54322033333333,62.8,3.827,34.758,3.4675,1.9228,3.49236373863,0.0276786177151,0.0869699518744,0.848195452991,1.48642241379,0.00236126039068,27.6133727416,69.2405655586,39.6626810606
2013-05-25 15:30:24,57.488998333333335,-52.54322033333333,63.3,3.815,34.758,5.0224,2.185,3.49236373863,0.0276786177151,0.0869699518744,0.848195452991,2.15663793103,0.00238346848783,27.614602309,70.0272207759,40.0301669594
2013-05-25 15:30:24,57.488998333333335,-52.54322033333333,63.9,3.805,34.76,5.0224,2.185,3.214109342,0.0247808270004,0.0759282207561,0.763605207538,2.15663793103,0.00238344859849,27.6172195067,70.0265162557,40.0298378428
2013-05-25 15:30:24,57.488998333333335,-52.54322033333333,64.6,3.805,34.76,3.1974,2.0102,2.97261552844,0.0241100515043,0.0665810462857,0.692318218519,1.37,0.00210561035769,27.6172277987,60.18493009,35.432341941
2013-05-25 15:30:24,57.488998333333335,-52.54322033333333,65.4,3.806,34.76,4.7158,2.0102,2.7236186864,0.0223372635434,0.0563341359116,0.624928636632,2.02448275862,0.00196113605407,27.6171354905,55.0673613073,33.0416702434
2013-05-25 15:30:24,57.488998333333335,-52.54322033333333,65.7,3.806,34.76,4.7158,2.0102,2.7236186864,0.0223372635434,0.0563341359116,0.624928636632,2.02448275862,0.00196113605407,27.6171390453,55.0673613073,33.0416702434
2013-05-25 15:30:24,57.488998333333335,-52.54322033333333,66.5,3.813,34.763,4.2851,1.9228,2.52496836503,0.0213620357618,0.0492019680093,0.563284389472,1.8388362069,0.00159439452893,27.6188232206,42.0766430037,26.9730576075
2013-05-25 15:30:24,57.488998333333335,-52.54322033333333,67.4,3.816,34.764,2.9419,2.0102,2.34099905967,0.0199956349715,0.0420913136088,0.506976851185,1.25987068966,0.00191668959227,27.6193240358,53.4929787373,32.3061975979
2013-05-25 15:30:24,57.488998333333335,-52.54322033333333,68.1,3.822,34.765,2.3433,2.0976,2.18522705629,0.0189152604261,0.0357513141012,0.460804338472,1.00185344828,0.00177222115148,27.6195164407,48.3756176277,29.9156229147
2013-05-25 15:30:24,57.488998333333335,-52.54322033333333,68.5,3.822,34.765,2.3433,2.0976,2.18522705629,0.0189152604261,0.0357513141012,0.460804338472,1.00185344828,0.00177222115148,27.6195211935,48.3756176277,29.9156229147
2013-05-25 15:30:24,57.488998333333335,-52.54322033333333,69.2,3.858,34.771,3.3653,1.8354,2.05266452421,0.0182924940632,0.0314804419373,0.425564500043,1.44237068966,0.00232794223765,27.6206244372,68.060369942,39.1113528072
2013-05-25 15:30:24,57.488998333333335,-52.54322033333333,69.9,3.858,34.771,4.599,2.0976,1.95685870566,0.0179246494363,0.0273958236518,0.399208132459,1.97413793103,0.00160556281157,27.6206327991,42.4722459113,27.1578634626
2013-05-25 15:30:24,57.488998333333335,-52.54322033333333,70.6,3.864,34.773,1.2045,2.0102,1.89997267074,0.0173620635363,0.0252562616928,0.380540557297,0.51099137931,0.00226126644625,27.6216177514,65.698580059,38.0080429215
2013-05-25 15:30:24,57.488998333333335,-52.54322033333333,70.9,3.864,34.773,1.2045,2.0102,1.89997267074,0.0173620635363,0.0252562616928,0.380540557297,0.51099137931,0.00226126644625,27.6216213388,65.698580059,38.0080429215
2013-05-25 15:30:24,57.488998333333335,-52.54322033333333,71.7,3.859,34.773,1.314,2.0102,1.81704466487,0.0171409510491,0.0238363705745,0.357286433022,0.558189655172,0.00180560384705,27.6221433052,49.5580994704,30.4680191783
2013-05-25 15:30:24,57.488998333333335,-52.54322033333333,72.5,3.851,34.772,0.8614,1.9228,1.73538973603,0.0168397106423,0.0196544994728,0.334108235848,0.363103448276,0.00143884678734,27.6221763323,36.5668309012,24.3991494859
2013-05-25 15:30:24,57.488998333333335,-52.54322033333333,72.7,3.851,34.772,0.8614,1.9228,1.73538973603,0.0168397106423,0.0196544994728,0.334108235848,0.363103448276,0.00143884678734,27.6221787202,36.5668309012,24.3991494859
2013-05-25 15:30:24,57.488998333333335,-52.54322033333333,73.5,3.85,34.772,2.0805,2.0976,1.65844016183,0.0163141458697,0.0170354516587,0.311235127572,0.888577586207,0.00153886697621,27.6222906151,40.1097460314,26.0542219018
2013-05-25 15:30:24,57.488998333333335,-52.54322033333333,74.3,3.845,34.772,2.5769,1.748,1.58556133851,0.0160265982087,0.0148342962493,0.290608909295,1.10254310345,0.00144995084873,27.6228116951,36.9601589637,24.5828926473
2013-05-25 15:30:24,57.488998333333335,-52.54322033333333,75.1,3.828,34.771,1.0731,1.9228,1.53118276231,0.0156587535817,0.0139180568374,0.272216604387,0.454353448276,0.00171665075387,27.6237623754,46.4072030037,28.9960782382
2013-05-25 15:30:24,57.488998333333335,-52.54322033333333,75.9,3.818,34.771,1.1826,1.8354,1.46223151708,0.0155568186966,0.0117867466325,0.254112270266,0.501551724138,0.00127209376607,27.6247919749,30.6601053819,21.639823305
2013-05-25 15:30:24,57.488998333333335,-52.54322033333333,76.4,3.818,34.771,1.2994,2.0102,1.46223151708,0.0155568186966,0.0117867466325,0.254112270266,0.551896551724,0.00144991024019,27.6247992135,36.9587205279,24.5822206822
2013-05-25 15:30:24,57.488998333333335,-52.54322033333333,77.0,3.813,34.771,1.2994,2.0102,1.40880871604,0.0154501505166,0.00984670029965,0.236282930302,0.551896551724,0.00144990233558,27.6253178684,36.9584405309,24.5820898816
2013-05-25 15:30:24,57.488998333333335,-52.54322033333333,77.6,3.813,34.771,1.1169,1.9228,1.36108574014,0.01422760808,0.00927025633382,0.220960012974,0.473232758621,0.0012831993911,27.6253269389,31.0534888315,21.8235923406
2013-05-25 15:30:24,57.488998333333335,-52.54322033333333,78.4,3.802,34.771,0.8906,1.9228,1.31031744016,0.0142910004215,0.00681005478643,0.207947212214,0.375689655172,0.00136097670053,27.6264590324,33.8085166863,23.1106033018
2013-05-25 15:30:24,57.488998333333335,-52.54322033333333,78.7,3.802,34.771,0.8906,1.9228,1.31031744016,0.0142910004215,0.00681005478643,0.207947212214,0.375689655172,0.00136097670053,27.626463563,33.8085166863,23.1106033018
2013-05-25 15:30:24,57.488998333333335,-52.54322033333333,79.5,3.801,34.774,1.4016,1.748,1.25834571477,0.0144935178218,0.00504241117344,0.193561097266,0.595948275862,0.00123872017659,27.6289650296,29.477946095,21.0875777234
2013-05-25 15:30:24,57.488998333333335,-52.54322033333333,80.3,3.818,34.777,1.3724,1.9228,1.21235242104,0.0145722933715,0.00438227084448,0.180000240884,0.583362068966,0.00192777978495,27.62963322,53.8858155424,32.4897112684
2013-05-25 15:30:24,57.488998333333335,-52.54322033333333,80.5,3.818,34.777,1.3724,1.9228,1.21235242104,0.0145722933715,0.00438227084448,0.180000240884,0.583362068966,0.00192777978495,27.6296362468,53.8858155424,32.4897112684
2013-05-25 15:30:24,57.488998333333335,-52.54322033333333,81.3,3.833,34.78,1.4381,1.9228,1.18090084008,0.0143111169246,0.00478660679597,0.168244516822,0.611681034483,0.00112762324016,27.6305050711,25.5426704128,19.2492141184
2013-05-25 15:30:24,57.488998333333335,-52.54322033333333,82.0,3.833,34.78,1.1972,1.8354,1.13505071915,0.0139417508814,0.00337202037677,0.156425566192,0.507844827586,0.0016277320736,27.6305156845,43.2575255109,27.5247067417
2013-05-25 15:30:24,57.488998333333335,-52.54322033333333,82.6,3.861,34.785,0.9855,2.0102,1.13505071915,0.0139417508814,0.00337202037677,0.156425566192,0.416594827586,0.00134992783894,27.6316387777,33.4171439109,22.9277735526
2013-05-25 15:30:24,57.488998333333335,-52.54322033333333,83.1,3.861,34.785,0.9855,2.0102,1.11905793075,0.0137762546085,0.00274135059821,0.147628238094,0.416594827586,0.00134992783894,27.6316463839,33.4171439109,22.9277735526
2013-05-25 15:30:24,57.488998333333335,-52.54322033333333,83.8,3.879,34.789,1.168,2.0976,1.09783353094,0.0139895909685,0.00184691939357,0.14000488103,0.49525862069,0.00107210982531,27.6329930441,23.5762742321,18.3306123575
2013-05-25 15:30:24,57.488998333333335,-52.54322033333333,84.5,3.885,34.791,0.7008,1.8354,1.07543666202,0.0139108154188,0.00138894704035,0.132391463513,0.293879310345,0.00227237640459,27.6339785561,66.0921170035,38.1918836621
2013-05-25 15:30:24,57.488998333333335,-52.54322033333333,84.9,3.885,34.791,0.7008,1.8354,1.07543666202,0.0139108154188,0.00138894704035,0.132391463513,0.293879310345,0.00227237640459,27.6339846591,66.0921170035,38.1918836621
2013-05-25 15:30:24,57.488998333333335,-52.54322033333333,85.6,3.895,34.793,1.5695,2.0102,1.05594194438,0.0137407548973,0.0013188071304,0.126423869454,0.668318965517,0.00134996511928,27.6345581505,33.4184644553,22.9283904448
2013-05-25 15:30:24,57.488998333333335,-52.54322033333333,86.4,3.908,34.796,1.0512,2.0102,1.03599062161,0.0139060821239,0.000825764822208,0.121615061008,0.444913793103,0.00152779594343,27.6356183413,39.7175879082,25.8710252774
2013-05-25 15:30:24,57.488998333333335,-52.54322033333333,86.7,3.908,34.796,1.0512,2.0102,1.03599062161,0.0139060821239,0.000825764822208,0.121615061008,0.444913793103,0.00152779594343,27.6356229316,39.7175879082,25.8710252774
2013-05-25 15:30:24,57.488998333333335,-52.54322033333333,87.5,3.952,34.802,0.7665,2.0976,1.01791215381,0.0141765561143,0.00034333191216,0.117500364318,0.322198275862,0.00108331168128,27.6358614178,23.9730663744,18.5159737634
2013-05-25 15:30:24,57.488998333333335,-52.54322033333333,88.3,3.954,34.802,0.3796,2.0102,1.01784250218,0.0138273065742,-0.000176528596896,0.113660937881,0.155431034483,0.00137226659026,27.6356664765,34.2084271603,23.2974214361
2013-05-25 15:30:24,57.488998333333335,-52.54322033333333,89.2,3.962,34.803,0.4161,1.8354,0.995267634642,0.0136109273819,-0.0002357644032,0.108604745135,0.171163793103,0.00120557416173,27.6356463396,28.303847957,20.5390979065
2013-05-25 15:30:24,57.488998333333335,-52.54322033333333,89.6,3.962,34.803,0.4161,1.8354,0.995267634642,0.0136109273819,-0.0002357644032,0.108604745135,0.171163793103,0.00120557416173,27.6356524987,28.303847957,20.5390979065
2013-05-25 15:30:24,57.488998333333335,-52.54322033333333,90.2,3.973,34.805,0.5329,2.0102,0.988937075284,0.0138690609965,-0.00103353220253,0.106009694864,0.22150862069,0.00152787970025,27.6361108619,39.7205547421,25.8724112335
2013-05-25 15:30:24,57.488998333333335,-52.54322033333333,91.0,3.973,34.805,0.4599,2.0102,0.962012850337,0.0141981940336,-0.000470349984384,0.100764098512,0.190043103448,0.00112779263349,27.636123197,25.5486706636,19.252017135
2013-05-25 15:30:24,57.488998333333335,-52.54322033333333,91.5,3.973,34.805,0.365,1.748,0.962012850337,0.0141981940336,-0.000470349984384,0.100764098512,0.149137931034,0.00125004145945,27.636130907,29.8789685765,21.2749153317
2013-05-25 15:30:24,57.488998333333335,-52.54322033333333,92.0,3.972,34.805,0.365,1.748,0.948039959235,0.0139231557946,-0.00158050561795,0.0968818768008,0.149137931034,0.00125003989185,27.6362424735,29.878913049,21.2748893921
2013-05-25 15:30:24,57.488998333333335,-52.54322033333333,92.8,3.972,34.805,1.2264,1.9228,0.933002945992,0.0143559141792,-0.00175556068733,0.0950919299011,0.520431034483,0.00117224518442,27.6362548096,27.1232689226,19.9875905396
2013-05-25 15:30:24,57.488998333333335,-52.54322033333333,93.4,3.972,34.805,0.5329,1.9228,0.930456791922,0.0139958456795,-0.00118442142058,0.0919214902515,0.22150862069,0.00147231048449,27.6362640624,37.7521819815,24.9528861135
2013-05-25 15:30:24,57.488998333333335,-52.54322033333333,93.8,3.972,34.805,0.5329,1.9228,0.930456791922,0.0139958456795,-0.00118442142058,0.0919214902515,0.22150862069,0.00147231048449,27.6362702311,37.7521819815,24.9528861135
2013-05-25 15:30:24,57.488998333333335,-52.54322033333333,94.6,3.968,34.804,0.6132,2.0976,0.914676827948,0.0135940227575,-0.00224329829645,0.0881450142846,0.256120689655,0.00109444624023,27.6359024116,24.3674747215,18.7002215797
2013-05-25 15:30:24,57.488998333333335,-52.54322033333333,95.5,3.971,34.805,1.9126,2.0102,0.9032152651,0.0137840307358,-0.00232139525501,0.0870999812728,0.816206896552,0.00113890302784,27.6364002899,25.9422230521,19.4358650902
2013-05-25 15:30:24,57.488998333333335,-52.54322033333333,96.4,3.976,34.805,0.6716,2.0976,0.899748161686,0.0142306509124,-0.00330747987139,0.0838182739075,0.281293103448,0.00168347381736,27.6358948672,45.2320095584,28.4470867487
2013-05-25 15:30:24,57.488998333333335,-52.54322033333333,96.7,3.976,34.805,0.6716,2.0976,0.899748161686,0.0142306509124,-0.00330747987139,0.0838182739075,0.281293103448,0.00168347381736,27.6358994972,45.2320095584,28.4470867487
2013-05-25 15:30:24,57.488998333333335,-52.54322033333333,97.5,3.976,34.805,0.7884,1.9228,0.912625974366,0.0137762546085,-0.0019226587081,0.0810365810163,0.331637931034,0.00115002439502,27.6359118444,26.3361641204,19.6198946173
2013-05-25 15:30:24,57.488998333333335,-52.54322033333333,98.3,3.974,34.804,1.2191,1.9228,0.899887464948,0.0141271946111,-0.0029249521272,0.0786864301587,0.517284482759,0.0011611368243,27.6353365112,26.7297885903,19.8037762454
2013-05-25 15:30:24,57.488998333333335,-52.54322033333333,99.1,3.965,34.801,0.5329,1.8354,0.883542548855,0.013530630416,-0.00231874290547,0.0770809170904,0.22150862069,0.00112778822867,27.6338967421,25.5485146359,19.2519442467
2013-05-25 15:30:24,57.488998333333335,-52.54322033333333,99.4,3.965,34.801,0.5329,1.8354,0.883542548855,0.013530630416,-0.00231874290547,0.0770809170904,0.22150862069,0.00112778822867,27.6339013672,25.5485146359,19.2519442467
2013-05-25 15:30:24,57.488998333333335,-52.54322033333333,100.2,3.917,34.798,0.6059,1.5732,0.888851550957,0.0140622808534,-0.00294381327946,0.0758337799401,0.252974137931,0.00127219484534,27.6364928758,30.6636858115,21.6414959023
2013-05-25 15:30:24,57.488998333333335,-52.54322033333333,100.9,3.917,34.798,0.9344,2.0102,0.868188233737,0.0140839187726,-0.00198719921347,0.0732945015758,0.394568965517,0.00139444367129,27.636503613,34.9939837244,23.6643940991
2013-05-25 15:30:24,57.488998333333335,-52.54322033333333,101.6,3.888,34.795,0.9052,1.8354,0.868188233737,0.0140839187726,-0.00198719921347,0.0732945015758,0.381982758621,0.00150553943943,27.6371116321,38.9292180234,25.5027383719
2013-05-25 15:30:24,57.488998333333335,-52.54322033333333,102.1,3.888,34.795,0.9052,1.8354,0.87289358837,0.0136124487981,-0.0034262461895,0.0704495821166,0.381982758621,0.00150553943943,27.6371173021,38.9292180234,25.5027383719
2013-05-25 15:30:24,57.488998333333335,-52.54322033333333,102.8,3.878,34.795,0.7227,1.8354,0.870877560604,0.013389983941,-0.00319696530739,0.0682383088296,0.303318965517,0.00132770721162,27.6381526915,32.6300448501,22.5600803123
2013-05-25 15:30:24,57.488998333333335,-52.54322033333333,103.5,3.872,34.795,1.3797,2.0976,0.86029825175,0.0134224408198,-0.00326975756688,0.0668246842536,0.58650862069,0.00376156074454,27.6387765101,118.842004693,62.8339879319
2013-05-25 15:30:24,57.488998333333335,-52.54322033333333,103.9,3.872,34.795,1.3797,2.0976,0.86029825175,0.0134224408198,-0.00326975756688,0.0668246842536,0.58650862069,0.00376156074454,27.6387810368,118.842004693,62.8339879319
2013-05-25 15:30:24,57.488998333333335,-52.54322033333333,104.6,3.87,34.795,0.584,1.8354,0.860654248975,0.0136280010525,-0.00262582604064,0.0646890619694,0.243534482759,0.00121655930593,27.6389941569,28.6929637347,20.7208732995
2013-05-25 15:30:24,57.488998333333335,-52.54322033333333,105.5,3.873,34.796,0.9636,1.8354,0.852833918619,0.0138242637418,-0.00329421812371,0.0635175758217,0.407155172414,0.0016277625949,27.6394922361,43.2586066365,27.5252117894
2013-05-25 15:30:24,57.488998333333335,-52.54322033333333,105.7,3.873,34.796,0.9636,1.8354,0.852833918619,0.0138242637418,-0.00329421812371,0.0635175758217,0.407155172414,0.0016277625949,27.6394945005,43.2586066365,27.5252117894
2013-05-25 15:30:24,57.488998333333335,-52.54322033333333,106.6,3.862,34.797,0.7665,1.9228,0.848484561211,0.0141596514899,-0.00296267443171,0.0621368069732,0.322198275862,0.00136101850247,27.6414285487,33.8099973943,23.1112950144
2013-05-25 15:30:24,57.488998333333335,-52.54322033333333,107.4,3.864,34.799,1.0877,2.0102,0.839425979636,0.0131673500376,-0.00350434314806,0.0601930731811,0.460646551724,0.00139435817232,27.6428240476,34.9909551799,23.6629793149
2013-05-25 15:30:24,57.488998333333335,-52.54322033333333,107.7,3.864,34.799,1.0877,2.0102,0.839425979636,0.0131673500376,-0.00350434314806,0.0601930731811,0.460646551724,0.00139435817232,27.6428274411,34.9909551799,23.6629793149
2013-05-25 15:30:24,57.488998333333335,-52.54322033333333,108.5,3.864,34.798,0.7446,1.8354,0.843210384925,0.0131102124072,-0.00339913328314,0.0586256617128,0.31275862069,0.00142770079792,27.6420407592,36.1720176638,24.2147125252
2013-05-25 15:30:24,57.488998333333335,-52.54322033333333,109.4,3.864,34.798,0.8614,1.9228,0.835285577122,0.0133188154723,-0.0038977749959,0.0590193782451,0.363103448276,0.00160551727203,27.642050941,42.4706328098,27.1571099023
2013-05-25 15:30:24,57.488998333333335,-52.54322033333333,110.3,3.86,34.798,1.1242,1.8354,0.836562523692,0.0140267811421,-0.00412410882298,0.0564596685881,0.476379310345,0.00149437566651,27.6424710849,38.533774859,25.3180071409
2013-05-25 15:30:24,57.488998333333335,-52.54322033333333,111.2,3.851,34.798,0.7446,1.748,0.828068894235,0.0135012163695,-0.00393549730042,0.0561465728323,0.31275862069,0.00138322616927,27.6434029636,34.596637368,23.4787737921
2013-05-25 15:30:24,57.488998333333335,-52.54322033333333,111.7,3.851,34.798,0.7446,1.748,0.828068894235,0.0135012163695,-0.00393549730042,0.0561465728323,0.31275862069,0.00138322616927,27.6434086115,34.596637368,23.4787737921
2013-05-25 15:30:24,57.488998333333335,-52.54322033333333,112.4,3.849,34.798,1.7958,1.8354,0.816642157203,0.0139153796673,-0.00341799443539,0.0540109505481,0.765862068966,0.00174996949039,27.6436212062,47.5874192885,29.5474161467
2013-05-25 15:30:24,57.488998333333335,-52.54322033333333,113.1,3.844,34.798,1.1169,2.0102,0.813531051014,0.0134981735372,-0.00390307969498,0.0535542835464,0.473232758621,0.0017944157155,27.6441406151,49.1617934746,30.2828848757
2013-05-25 15:30:24,57.488998333333335,-52.54322033333333,113.4,3.844,34.798,1.1169,2.0102,0.813531051014,0.0134981735372,-0.00390307969498,0.0535542835464,0.473232758621,0.0017944157155,27.6441440013,49.1617934746,30.2828848757
2013-05-25 15:30:24,57.488998333333335,-52.54322033333333,114.3,3.835,34.798,0.7592,1.8354,0.82905949521,0.0145413579089,-0.00457942882666,0.0522869912019,0.319051724138,0.001605471498,27.6450740954,42.4690114021,27.1563524619
2013-05-25 15:30:24,57.488998333333335,-52.54322033333333,115.1,3.833,34.798,0.6862,1.9228,0.825131917124,0.0138922203319,-0.00419130167789,0.0515575388328,0.287586206897,0.00141653833466,27.6452874111,35.7766208903,24.0300029656
2013-05-25 15:30:24,57.488998333333335,-52.54322033333333,115.5,3.833,34.798,0.6862,1.9228,0.825131917124,0.0138922203319,-0.00419130167789,0.0515575388328,0.287586206897,0.00141653833466,27.6452919201,35.7766208903,24.0300029656
2013-05-25 15:30:24,57.488998333333335,-52.54322033333333,116.2,3.833,34.798,0.9782,1.8354,0.823824014274,0.0137963711116,-0.00415888407245,0.0496011045075,0.413448275862,0.00139431127539,27.6452998113,34.989293997,23.6622032935
2013-05-25 15:30:24,57.488998333333335,-52.54322033333333,117.0,3.832,34.798,0.9782,2.0102,0.817915234237,0.0135228542888,-0.00312712010294,0.0495657638931,0.413448275862,0.0013720826362,27.6454109577,34.2019111394,23.2943774776
2013-05-25 15:30:24,57.488998333333335,-52.54322033333333,117.5,3.832,34.798,0.9782,2.0102,0.817915234237,0.0135228542888,-0.00312712010294,0.0495657638931,0.413448275862,0.0013720826362,27.6454165946,34.2019111394,23.2943774776
2013-05-25 15:30:24,57.488998333333335,-52.54322033333333,118.2,3.832,34.798,0.6643,1.8354,0.809142998256,0.0130591604415,-0.00331013222093,0.0487805396169,0.278146551724,0.00266125207351,27.6454244868,79.8668709479,44.626758462
2013-05-25 15:30:24,57.488998333333335,-52.54322033333333,119.0,3.832,34.798,0.803,1.8354,0.814061177318,0.0134317383633,-0.00387066208954,0.0469682287347,0.337931034483,0.00144987734362,27.6454335075,36.9575552658,24.5816763301
2013-05-25 15:30:24,57.488998333333335,-52.54322033333333,119.6,3.829,34.798,0.7957,2.0102,0.814061177318,0.0134317383633,-0.00387066208954,0.0469682287347,0.334784482759,0.00144987260329,27.6457465701,36.9573873538,24.5815978901
2013-05-25 15:30:24,57.488998333333335,-52.54322033333333,120.1,3.828,34.798,0.7957,2.0102,0.813705180092,0.013777945071,-0.00342889853904,0.046831836051,0.334784482759,0.001449871023,27.6458542806,36.9573313768,24.5815717404
2013-05-25 15:30:24,57.488998333333335,-52.54322033333333,120.9,3.828,34.798,0.7519,2.0102,0.810203250863,0.0134934402423,-0.00518829039792,0.0472785635049,0.315905172414,0.00131650866742,27.6458632984,32.2333700173,22.3747737076
2013-05-25 15:30:24,57.488998333333335,-52.54322033333333,121.6,3.826,34.799,0.6424,1.748,0.810203250863,0.0134934402423,-0.00518829039792,0.0472785635049,0.268706896552,0.00159434170993,27.6468711375,42.0747720493,26.9721835913
2013-05-25 15:30:24,57.488998333333335,-52.54322033333333,122.1,3.822,34.799,0.6424,1.748,0.795452583214,0.0140823973564,-0.00386535739046,0.0458878551086,0.268706896552,0.00159433538709,27.6472848523,42.0745480816,26.9720789649
2013-05-25 15:30:24,57.488998333333335,-52.54322033333333,122.9,3.822,34.799,0.7811,1.9228,0.796938484677,0.013558354,-0.00311091130022,0.0457362770046,0.32849137931,0.00154988126857,27.6472938651,40.4998942951,26.2364796206
2013-05-25 15:30:24,57.488998333333335,-52.54322033333333,123.4,3.821,34.798,0.9855,1.8354,0.796938484677,0.013558354,-0.00311091130022,0.0457362770046,0.416594827586,0.00163878996223,27.6466056319,43.649218042,27.7076858648
2013-05-25 15:30:24,57.488998333333335,-52.54322033333333,124.1,3.819,34.798,0.9855,1.8354,0.809603472928,0.0139201129622,-0.00348282964627,0.044421219611,0.416594827586,0.00163878680013,27.64681745,43.6491060343,27.7076335404
2013-05-25 15:30:24,57.488998333333335,-52.54322033333333,124.8,3.819,34.798,0.5621,2.0102,0.797855564486,0.0138597634531,-0.00449573246352,0.0449159882126,0.234094827586,0.00252786917069,27.6468253346,75.1421817643,42.4196204261
2013-05-25 15:30:24,57.488998333333335,-52.54322033333333,125.4,3.812,34.798,0.5913,1.9228,0.797855564486,0.0138597634531,-0.00449573246352,0.0449159882126,0.246681034483,0.00127202925213,27.6475454642,30.6578201689,21.6387557681
2013-05-25 15:30:24,57.488998333333335,-52.54322033333333,126.0,3.815,34.798,0.5913,1.9228,0.800049590865,0.0142600649589,-0.00359039715523,0.0439565457513,0.246681034483,0.00127203399701,27.647246561,30.6579882422,21.6388342835
2013-05-25 15:30:24,57.488998333333335,-52.54322033333333,126.8,3.815,34.798,0.5767,2.0102,0.798989338259,0.0137346692325,-0.00370091171923,0.0444261893848,0.240387931034,0.0013720557637,27.647256041,34.2009592618,23.2939328081
2013-05-25 15:30:24,57.488998333333335,-52.54322033333333,127.5,3.81,34.796,0.5183,2.0102,0.798989338259,0.0137346692325,-0.00370091171923,0.0444261893848,0.215215517241,0.00130537075291,27.6461819193,31.8388428095,22.1904703656
2013-05-25 15:30:24,57.488998333333335,-52.54322033333333,128.0,3.81,34.796,0.5183,2.0102,0.77454161575,0.0136743197234,-0.00344510734176,0.0432776194168,0.215215517241,0.00130537075291,27.6461878407,31.8388428095,22.1904703656
2013-05-25 15:30:24,57.488998333333335,-52.54322033333333,128.8,3.788,34.795,0.4964,1.9228,0.779707445055,0.0138011044064,-0.00300304908576,0.0418639948408,0.205775862069,0.00262784799393,27.6476388139,78.683631641,44.074008349
2013-05-25 15:30:24,57.488998333333335,-52.54322033333333,129.6,3.769,34.793,0.4599,1.9228,0.79226795586,0.0142167891204,-0.00287102101997,0.0413717111262,0.190043103448,0.00143867429141,27.647983871,36.5607207505,24.3962951297
2013-05-25 15:30:24,57.488998333333335,-52.54322033333333,130.0,3.769,34.793,0.4599,1.9228,0.79226795586,0.0142167891204,-0.00287102101997,0.0413717111262,0.190043103448,0.00143867429141,27.6479885822,36.5607207505,24.3962951297
2013-05-25 15:30:24,57.488998333333335,-52.54322033333333,130.8,3.747,34.792,0.657,1.8354,0.775601868356,0.0136697554748,-0.00345836908944,0.0418993354553,0.275,0.00108300847954,27.6494283529,23.9623263621,18.5109565679
2013-05-25 15:30:24,57.488998333333335,-52.54322033333333,131.7,3.723,34.789,0.438,1.9228,0.793858334769,0.0140683665182,-0.00349609139395,0.0414070517406,0.180603448276,0.00123856588868,27.6494726546,29.4724809089,21.0850246623
2013-05-25 15:30:24,57.488998333333335,-52.54322033333333,132.0,3.723,34.789,0.438,1.9228,0.793858334769,0.0140683665182,-0.00349609139395,0.0414070517406,0.180603448276,0.00123856588868,27.6494761659,29.4724809089,21.0850246623
2013-05-25 15:30:24,57.488998333333335,-52.54322033333333,132.8,3.712,34.788,0.5402,1.8354,0.789965582499,0.0138861346671,-0.00302456258755,0.0403747192621,0.224655172414,0.00124966396784,27.6497970917,29.8655970687,21.2686688334
2013-05-25 15:30:24,57.488998333333335,-52.54322033333333,133.5,3.707,34.788,0.4015,1.8354,0.789965582499,0.0138861346671,-0.00302456258755,0.0403747192621,0.164870689655,0.0012274289549,27.6503082807,29.0779884405,20.9007375488
2013-05-25 15:30:24,57.488998333333335,-52.54322033333333,134.0,3.707,34.788,0.4015,1.8354,0.780520047418,0.0145043367814,-0.00390307969498,0.0407380649539,0.164870689655,0.0012274289549,27.6503141213,29.0779884405,20.9007375488
2013-05-25 15:30:24,57.488998333333335,-52.54322033333333,134.8,3.706,34.788,0.6643,1.9228,0.792124783062,0.0138428588287,-0.00301130083987,0.0404655556851,0.278146551724,0.001194086775,27.6504240304,27.8969417441,20.3490117136
2013-05-25 15:30:24,57.488998333333335,-52.54322033333333,135.6,3.702,34.788,0.4161,1.8354,0.797042962124,0.0132028497489,-0.00438521789952,0.0402231411582,0.171163793103,0.00107183158414,27.6508355043,23.5664183735,18.3260081942
2013-05-25 15:30:24,57.488998333333335,-52.54322033333333,136.0,3.696,34.788,0.4161,1.8354,0.797042962124,0.0132028497489,-0.00438521789952,0.0402231411582,0.171163793103,0.00107182203409,27.651443004,23.5660800916,18.3258501659
2013-05-25 15:30:24,57.488998333333335,-52.54322033333333,136.8,3.696,34.788,0.365,2.0976,0.780945696274,0.0136820958506,-0.0043908173041,0.039650236667,0.149137931034,0.00132743321563,27.651452338,32.620339364,22.5555463955
2013-05-25 15:30:24,57.488998333333335,-52.54322033333333,137.5,3.698,34.789,0.2482,1.9228,0.780945696274,0.0136820958506,-0.0043908173041,0.039650236667,0.0987931034483,0.00153859142213,27.6520558069,40.0999853548,26.0496622028
2013-05-25 15:30:24,57.488998333333335,-52.54322033333333,138.1,3.705,34.79,0.2482,1.9228,0.795452583214,0.0136557246366,-0.00433423384733,0.0398622803534,0.0987931034483,0.00153860052238,27.6521554779,40.1003077038,26.0498127881
2013-05-25 15:30:24,57.488998333333335,-52.54322033333333,138.9,3.705,34.79,0.2482,1.748,0.782327120291,0.0137902854468,-0.00329687047325,0.0389282389587,0.0987931034483,0.000938469922253,27.6521648269,18.8424815861,16.1192216402
2013-05-25 15:30:24,57.488998333333335,-52.54322033333333,139.4,3.727,34.793,0.2482,1.748,0.782327120291,0.0137902854468,-0.00329687047325,0.0389282389587,0.0987931034483,0.000938498787777,27.6523441594,18.8435040606,16.1196992891
2013-05-25 15:30:24,57.488998333333335,-52.54322033333333,140.1,3.745,34.796,0.3066,2.0102,0.794670937132,0.0135862466303,-0.00260696488838,0.0398923750953,0.123965517241,0.000827385966333,27.6529239762,14.9076656995,14.2810728288
2013-05-25 15:30:24,57.488998333333335,-52.54322033333333,140.9,3.745,34.796,0.3212,2.0102,0.785616225092,0.0142678410861,-0.00347192554262,0.0394279773342,0.13025862069,0.000905180673757,27.6529333818,17.6633098258,15.5683716813
2013-05-25 15:30:24,57.488998333333335,-52.54322033333333,141.6,3.75,34.799,0.2117,2.0102,0.785616225092,0.0142678410861,-0.00347192554262,0.0394279773342,0.0830603448276,0.000782933668385,27.6548244507,13.3330764015,13.5455036103
2013-05-25 15:30:24,57.488998333333335,-52.54322033333333,142.1,3.822,34.808,0.2117,2.0102,0.799376291765,0.0137052551861,-0.00436105204819,0.0387236499332,0.0830603448276,0.000783029387458,27.6546827251,13.3364669626,13.5470875105
2013-05-25 15:30:24,57.488998333333335,-52.54322033333333,142.9,3.822,34.808,0.1679,2.0976,0.78646365327,0.0131905093731,-0.0034262461895,0.0382818922531,0.0641810344828,0.000783029387458,27.6546922382,13.3364669626,13.5470875105
2013-05-25 15:30:24,57.488998333333335,-52.54322033333333,143.4,3.832,34.809,0.1679,2.0976,0.78646365327,0.0131905093731,-0.0034262461895,0.0382818922531,0.0641810344828,0.000783043156576,27.6544735708,13.3369546923,13.5473153534
2013-05-25 15:30:24,57.488998333333335,-52.54322033333333,144.2,3.836,34.81,0.2555,2.0976,0.792728430532,0.013156531078,-0.00369030232109,0.038789361388,0.101939655172,0.000860842147093,27.6548704056,16.0927505343,14.8346850799
2013-05-25 15:30:24,57.488998333333335,-52.54322033333333,145.0,3.836,34.81,0.1533,1.8354,0.77425913969,0.0141704704495,-0.0032564958192,0.0388222171155,0.0578879310345,0.000749706850773,27.6548799403,12.1561160681,12.9956867192
2013-05-25 15:30:24,57.488998333333335,-52.54322033333333,145.6,3.835,34.809,0.2993,2.0102,0.77425913969,0.0141704704495,-0.0032564958192,0.0388222171155,0.120818965517,0.000694139659692,27.6541934104,10.1878150256,12.0761951023
2013-05-25 15:30:24,57.488998333333335,-52.54322033333333,146.2,3.832,34.809,0.2993,2.0102,0.7832442001,0.0142399484558,-0.00397321960493,0.0386833395449,0.120818965517,0.00069413491952,27.6545069237,10.1876471193,12.0761166648
2013-05-25 15:30:24,57.488998333333335,-52.54322033333333,147.0,3.828,34.809,0.1533,1.9228,0.768632835713,0.0138844442047,-0.00368470291651,0.038173385523,0.0578879310345,0.000627447420249,27.6549247659,7.82544252006,10.9726130445
2013-05-25 15:30:24,57.488998333333335,-52.54322033333333,147.5,3.828,34.809,0.1533,1.9228,0.768632835713,0.0138844442047,-0.00368470291651,0.038173385523,0.0578879310345,0.000627447420249,27.6549307204,7.82544252006,10.9726130445
2013-05-25 15:30:24,57.488998333333335,-52.54322033333333,148.3,3.818,34.807,0.1752,1.9228,0.779459794811,0.0135877680465,-0.00427205098598,0.0378553199934,0.0673275862069,0.000671889803528,27.6543684142,9.39968062059,11.7080182011
2013-05-25 15:30:24,57.488998333333335,-52.54322033333333,149.1,3.795,34.809,0.1679,2.0102,0.781545474208,0.0136619793476,-0.00365788471565,0.0379362168685,0.0641810344828,0.000849665806166,27.6583109344,15.696862186,14.6497458813
2013-05-25 15:30:24,57.488998333333335,-52.54322033333333,149.4,3.795,34.809,0.1679,2.0102,0.781545474208,0.0136619793476,-0.00365788471565,0.0379362168685,0.0641810344828,0.000849665806166,27.6583144919,15.696862186,14.6497458813
2013-05-25 15:30:24,57.488998333333335,-52.54322033333333,150.3,3.83,34.812,0.3212,2.0102,0.764105479693,0.0134300479008,-0.00385180093728,0.0375245539305,0.13025862069,0.000716352707074,27.65714749,10.97464559,12.4437629144
2013-05-25 15:30:24,57.488998333333335,-52.54322033333333,151.2,3.83,34.815,0.1533,2.0102,0.788057901714,0.0134949616585,-0.00472206629059,0.0377896085385,0.0578879310345,0.000705233066527,27.659545435,10.5807656825,12.2597619587
2013-05-25 15:30:24,57.488998333333335,-52.54322033333333,151.6,3.83,34.815,0.1533,2.0102,0.788057901714,0.0134949616585,-0.00472206629059,0.0377896085385,0.0578879310345,0.000705233066527,27.6595495573,10.5807656825,12.2597619587
2013-05-25 15:30:24,57.488998333333335,-52.54322033333333,152.4,3.863,34.81,0.1533,2.0102,0.782327120291,0.013651160388,-0.00384119153914,0.0373884373453,0.0578879310345,0.000783090063196,27.6522037064,13.3386162185,13.5480915352
2013-05-25 15:30:24,57.488998333333335,-52.54322033333333,153.4,3.939,34.828,0.2336,2.185,0.773446537328,0.0137253716891,-0.00396231550128,0.0383578193544,0.0925,0.000549788944728,27.6587124127,5.07462400017,9.68756847351
2013-05-25 15:30:24,57.488998333333335,-52.54322033333333,154.3,3.944,34.83,0.2628,2.0102,0.779955095299,0.0135940227575,-0.00251796382618,0.0376181513389,0.105086206897,0.000660928026372,27.65979572,9.01139255014,11.5266294714
2013-05-25 15:30:24,57.488998333333335,-52.54322033333333,154.7,3.944,34.83,0.2628,2.0102,0.779955095299,0.0135940227575,-0.00251796382618,0.0376181513389,0.105086206897,0.000660928026372,27.6597999222,9.01139255014,11.5266294714
2013-05-25 15:30:24,57.488998333333335,-52.54322033333333,155.5,3.943,34.83,0.1168,1.9228,0.770261909973,0.0138212209094,-0.00432332974368,0.0378630507528,0.0421551724138,0.0010054458743,27.6599118005,21.2149037595,17.2274983993
2013-05-25 15:30:24,57.488998333333335,-52.54322033333333,156.5,3.954,34.83,0.1095,2.0102,0.76714693425,0.0134625047797,-0.00389482794086,0.0372064884009,0.0390086206897,0.000460900194739,27.6587834669,1.92600669806,8.21669224491
2013-05-25 15:30:24,57.488998333333335,-52.54322033333333,157.4,3.966,34.833,0.0876,2.0976,0.774189488059,0.0132863585934,-0.00398382900307,0.0367724614803,0.0295689655172,0.000483139982798,27.6599354108,2.71378447066,8.58470254529
2013-05-25 15:30:24,57.488998333333335,-52.54322033333333,158.4,3.966,34.833,0.1022,2.0102,0.777548244491,0.0134702809069,-0.0039192884977,0.0370778264766,0.0358620689655,0.000627615868014,27.6599459597,7.83140927678,10.9754004142
2013-05-25 15:30:24,57.488998333333335,-52.54322033333333,159.3,3.962,34.831,0.0949,1.9228,0.790604055784,0.0138242637418,-0.00393255024538,0.0368254724019,0.0327155172414,0.000516478363934,27.6587793294,3.89469660726,9.13636552086
2013-05-25 15:30:24,57.488998333333335,-52.54322033333333,159.7,3.962,34.831,0.0949,1.9228,0.790604055784,0.0138242637418,-0.00393255024538,0.0368254724019,0.0327155172414,0.000516478363934,27.658783547,3.89469660726,9.13636552086
2013-05-25 15:30:24,57.488998333333335,-52.54322033333333,160.6,3.949,34.83,0.0876,1.9228,0.777018118188,0.0138180090308,-0.00296002208218,0.0368354119497,0.0295689655172,0.000527573522772,27.6593444328,4.28770932361,9.31996136836
2013-05-25 15:30:24,57.488998333333335,-52.54322033333333,161.5,3.943,34.828,0.0949,2.0976,0.772030287496,0.0132848371772,-0.00384119153914,0.0374513878147,0.0327155172414,0.000660930524437,27.6583837588,9.01148103662,11.5266708079
2013-05-25 15:30:24,57.488998333333335,-52.54322033333333,162.4,3.924,34.828,0.3431,2.0102,0.766334331888,0.0136743197234,-0.00376014752554,0.0375676253043,0.139698275862,0.000483084191545,27.6603566296,2.71180823292,8.58377934605
2013-05-25 15:30:24,57.488998333333335,-52.54322033333333,162.7,3.924,34.828,0.3431,2.0102,0.766334331888,0.0136743197234,-0.00376014752554,0.0375676253043,0.139698275862,0.000483084191545,27.6603597748,2.71180823292,8.58377934605
2013-05-25 15:30:24,57.488998333333335,-52.54322033333333,163.6,3.889,34.825,0.1022,1.9228,0.789543803177,0.0139818148412,-0.00474357979238,0.0377189273097,0.0358620689655,0.000571943447884,27.661587602,5.85938081094,10.0541675319
2013-05-25 15:30:24,57.488998333333335,-52.54322033333333,164.5,3.876,34.825,0.0949,1.9228,0.779355317364,0.0138428588287,-0.00338027213088,0.0383274485139,0.0327155172414,0.000483014722842,27.6629323233,2.7093475125,8.58262982078
2013-05-25 15:30:24,57.488998333333335,-52.54322033333333,165.4,3.872,34.824,0.0949,2.0102,0.787241429817,0.0139309319218,-0.00359599655981,0.0369795353928,0.0327155172414,0.000505237510944,27.6625564086,3.49652311266,8.95035881637
2013-05-25 15:30:24,57.488998333333335,-52.54322033333333,165.8,3.872,34.824,0.0949,2.0102,0.787241429817,0.0139309319218,-0.00359599655981,0.0369795353928,0.0327155172414,0.000505237510944,27.662560569,3.49652311266,8.95035881637
2013-05-25 15:30:24,57.488998333333335,-52.54322033333333,166.7,3.867,34.823,0.1825,2.0102,0.792194434694,0.0141473111141,-0.00356888365344,0.0379563720627,0.070474137931,0.000571912839032,27.662286959,5.85829658421,10.0536610355
2013-05-25 15:30:24,57.488998333333335,-52.54322033333333,167.6,3.863,34.824,0.1022,1.9228,0.794318809442,0.0138104019498,-0.00400003780579,0.0374160472004,0.0358620689655,0.000516336844725,27.6635020782,3.88968371384,9.13402374825
2013-05-25 15:30:24,57.488998333333335,-52.54322033333333,168.3,3.851,34.822,0.1022,1.8354,0.794318809442,0.0138104019498,-0.00400003780579,0.0374160472004,0.0358620689655,0.000694138452425,27.6631466134,10.1877722618,12.0761751252
2013-05-25 15:30:24,57.488998333333335,-52.54322033333333,168.8,3.851,34.822,0.1022,1.8354,0.779459794811,0.0136202249253,-0.00404866421395,0.0371004665577,0.0358620689655,0.000694138452425,27.6631517985,10.1877722618,12.0761751252
2013-05-25 15:30:24,57.488998333333335,-52.54322033333333,169.6,3.835,34.821,0.1022,1.8354,0.789118154321,0.0142306509124,-0.00352055195078,0.0372064884009,0.0358620689655,0.000494071684298,27.6639999427,3.10100720121,8.76559360156
2013-05-25 15:30:24,57.488998333333335,-52.54322033333333,170.6,3.821,34.82,0.1095,2.0102,0.774967264606,0.0137995829902,-0.0030354666912,0.0365250771795,0.0390086206897,0.000494051590302,27.6646430695,3.10029543169,8.7652610985
2013-05-25 15:30:24,57.488998333333335,-52.54322033333333,170.9,3.821,34.82,0.1095,2.0102,0.774967264606,0.0137995829902,-0.0030354666912,0.0365250771795,0.0390086206897,0.000494051590302,27.6646461664,3.10029543169,8.7652610985
2013-05-25 15:30:24,57.488998333333335,-52.54322033333333,171.7,3.823,34.82,0.1095,2.185,0.791699134206,0.0133776435652,-0.0033157316255,0.0382517975112,0.0390086206897,0.000516281812165,27.6644504834,3.8877343505,9.13311310337
2013-05-25 15:30:24,57.488998333333335,-52.54322033333333,172.4,3.824,34.821,0.1314,1.9228,0.791699134206,0.0133776435652,-0.0033157316255,0.0382517975112,0.0484482758621,0.000616303123111,27.6651515994,7.43068922686,10.7882040867
2013-05-25 15:30:24,57.488998333333335,-52.54322033333333,173.0,3.824,34.821,0.1314,1.9228,0.78522540205,0.0141380135707,-0.00463866463296,0.0368986385177,0.0484482758621,0.000616303123111,27.6651577984,7.43068922686,10.7882040867
2013-05-25 15:30:24,57.488998333333335,-52.54322033333333,173.8,3.826,34.822,0.1095,2.0102,0.789756627606,0.0135336732484,-0.00483258085459,0.0369742895203,0.0390086206897,0.000649644837268,27.6657579216,8.6117194257,11.339922215
2013-05-25 15:30:24,57.488998333333335,-52.54322033333333,174.4,3.828,34.822,0.1022,2.0102,0.789756627606,0.0135336732484,-0.00483258085459,0.0369742895203,0.0358620689655,0.000582966821259,27.6655600605,6.24985074264,10.2365755178
2013-05-25 15:30:24,57.488998333333335,-52.54322033333333,175.1,3.839,34.824,0.1022,2.0102,0.783174548469,0.0143172025893,-0.00393814964995,0.0384839963917,0.0358620689655,0.000582980131588,27.6660357798,6.25032222112,10.236795769
2013-05-25 15:30:24,57.488998333333335,-52.54322033333333,175.9,3.839,34.824,0.0803,1.9228,0.777513418676,0.0138952631643,-0.00355267485072,0.0366385536835,0.0264224137931,0.000527412483428,27.6660440694,4.282004988,9.3172965886
2013-05-25 15:30:24,57.488998333333335,-52.54322033333333,176.5,3.847,34.826,0.0876,2.0102,0.777513418676,0.0138952631643,-0.00355267485072,0.0366385536835,0.0295689655172,0.000527421046769,27.6668249761,4.28230831864,9.31743828947
2013-05-25 15:30:24,57.488998333333335,-52.54322033333333,177.1,3.848,34.827,0.0876,2.0102,0.800862193228,0.0133482295187,-0.00398382900307,0.0375474701101,0.0295689655172,0.000527420589628,27.6675257608,4.28229212579,9.31743072498
2013-05-25 15:30:24,57.488998333333335,-52.54322033333333,178.0,3.848,34.827,0.0803,2.0976,0.778186717776,0.0138026258226,-0.00325914816874,0.0374616034611,0.0264224137931,0.000560761178524,27.6675366458,5.46328246566,9.8691302332
2013-05-25 15:30:24,57.488998333333335,-52.54322033333333,178.6,3.846,34.827,0.0949,1.9228,0.778186717776,0.0138026258226,-0.00325914816874,0.0374616034611,0.0327155172414,0.000494076842323,27.6677484572,3.10118990878,8.76567895338
2013-05-25 15:30:24,57.488998333333335,-52.54322033333333,179.2,3.846,34.827,0.0949,1.9228,0.7758495186,0.0135213328726,-0.00282534166685,0.0371156519779,0.0327155172414,0.000494076842323,27.6677557131,3.10118990878,8.76567895338
2013-05-25 15:30:24,57.488998333333335,-52.54322033333333,180.1,3.847,34.827,0.0803,2.0102,0.789965582499,0.0139493579624,-0.00288457747315,0.0366816250574,0.0264224137931,0.000471851362308,27.6676643294,2.31391895567,8.39790541367
2013-05-25 15:30:24,57.488998333333335,-52.54322033333333,180.5,3.847,34.827,0.0803,2.0102,0.789965582499,0.0139493579624,-0.00288457747315,0.0366816250574,0.0264224137931,0.000471851362308,27.6676691682,2.31391895567,8.39790541367
2013-05-25 15:30:24,57.488998333333335,-52.54322033333333,181.4,3.849,34.828,0.0876,2.0102,0.77680529376,0.0137902854468,-0.00442853960861,0.0373000858094,0.0295689655172,0.000527420132462,27.6682713002,4.28227593208,9.31742316009
2013-05-25 15:30:24,57.488998333333335,-52.54322033333333,182.2,3.859,34.83,0.0876,1.9228,0.788518376387,0.0135228542888,-0.00416448347702,0.0376256059998,0.0295689655172,0.000427410079762,27.6688489825,0.739719845333,7.6625184713
2013-05-25 15:30:24,57.488998333333335,-52.54322033333333,182.6,3.859,34.83,0.0876,1.9228,0.788518376387,0.0135228542888,-0.00416448347702,0.0376256059998,0.0295689655172,0.000427410079762,27.6688538311,0.739719845333,7.6625184713
2013-05-25 15:30:24,57.488998333333335,-52.54322033333333,183.5,3.861,34.831,0.073,1.9228,0.787206604001,0.0133434962239,-0.00409434356707,0.0373478508585,0.023275862069,0.000394070611148,27.6694556591,-0.441230811899,7.11083750082
2013-05-25 15:30:24,57.488998333333335,-52.54322033333333,184.3,3.856,34.831,0.073,2.0976,0.768667661529,0.0135691729596,-0.0035877448057,0.0364013850291,0.023275862069,0.000471857427292,27.6699774389,2.31413378953,8.39800577328
2013-05-25 15:30:24,57.488998333333335,-52.54322033333333,185.4,3.85,34.831,0.0803,2.0102,0.787314950983,0.0137671261114,-0.00341799443539,0.035878730474,0.0264224137931,0.000449620895547,27.6706048609,1.52647136206,8.03004935636
2013-05-25 15:30:24,57.488998333333335,-52.54322033333333,185.6,3.85,34.831,0.0803,2.0102,0.787314950983,0.0137671261114,-0.00341799443539,0.035878730474,0.0264224137931,0.000449620895547,27.6706072833,1.52647136206,8.03004935636
2013-05-25 15:30:24,57.488998333333335,-52.54322033333333,186.7,3.851,34.832,0.073,2.0102,0.774363617137,0.0142399484558,-0.00280648051459,0.0370400009752,0.023275862069,0.000449620438424,27.6713141019,1.52645516987,8.03004179218
2013-05-25 15:30:24,57.488998333333335,-52.54322033333333,187.8,3.853,34.832,0.073,2.0102,0.783174548469,0.0136619793476,-0.00383293978502,0.0365502021476,0.023275862069,0.000494077714664,27.6711227605,3.10122080881,8.76569338832
2013-05-25 15:30:24,57.488998333333335,-52.54322033333333,188.6,3.854,34.833,0.0803,1.6606,0.782253599124,0.0141981940336,-0.00274724470829,0.0364013850291,0.0264224137931,0.000438509609218,27.6718259099,1.1328873777,7.84618664108
2013-05-25 15:30:24,57.488998333333335,-52.54322033333333,189.5,3.856,34.833,0.0803,2.0102,0.785473052294,0.0137082980184,-0.00346102143898,0.0363685293017,0.0264224137931,0.000471853355328,27.6716320811,2.31398955244,8.39793839294
2013-05-25 15:30:24,57.488998333333335,-52.54322033333333,189.9,3.856,34.833,0.0803,2.0102,0.785473052294,0.0137082980184,-0.00346102143898,0.0363685293017,0.0264224137931,0.000471853355328,27.6716369329,2.31398955244,8.39793839294
2013-05-25 15:30:24,57.488998333333335,-52.54322033333333,190.8,3.857,34.833,0.073,2.0102,0.780593568584,0.0139618673844,-0.00397587195446,0.0363583136553,0.023275862069,0.000438514344906,27.6715454638,1.13305512526,7.84626500433
2013-05-25 15:30:24,57.488998333333335,-52.54322033333333,191.4,3.856,34.833,0.073,1.9228,0.780593568584,0.0139618673844,-0.00397587195446,0.0363583136553,0.023275862069,0.0004273992368,27.6716551291,0.739335765943,7.66233904865
2013-05-25 15:30:24,57.488998333333335,-52.54322033333333,192.1,3.856,34.834,0.073,1.9228,0.783457024528,0.0134609833635,-0.00313507715155,0.0368911838568,0.023275862069,0.000427397200858,27.6724594221,0.739263648783,7.66230535913
2013-05-25 15:30:24,57.488998333333335,-52.54322033333333,192.9,3.856,34.834,0.0803,2.0102,0.784764927378,0.0143652117226,-0.00257454728294,0.035409362939,0.0264224137931,0.000416283671226,27.6724691294,0.345600202158,7.47840552306
2013-05-25 15:30:24,57.488998333333335,-52.54322033333333,193.7,3.856,34.835,0.0657,2.0102,0.785051272973,0.0138844442047,-0.00253152027936,0.0356868419817,0.0201293103448,0.000449622224205,27.673274639,1.5265184258,8.03007134218
2013-05-25 15:30:24,57.488998333333335,-52.54322033333333,194.2,3.856,34.835,0.0657,2.0102,0.785051272973,0.0138844442047,-0.00253152027936,0.0356868419817,0.0201293103448,0.000449622224205,27.6732807075,1.5265184258,8.03007134218
2013-05-25 15:30:24,57.488998333333335,-52.54322033333333,195.1,3.861,34.836,0.073,1.9228,0.784234801075,0.0135120353292,-0.00276875821008,0.0356037363181,0.023275862069,0.000482968668979,27.6735753777,2.70771619259,8.58186774986
2013-05-25 15:30:24,57.488998333333335,-52.54322033333333,195.5,3.861,34.836,0.073,1.9228,0.784234801075,0.0135120353292,-0.00276875821008,0.0356037363181,0.023275862069,0.000482968668979,27.6735802368,2.70771619259,8.58186774986
2013-05-25 15:30:24,57.488998333333335,-52.54322033333333,196.4,3.868,34.837,0.0657,2.0976,0.781545474208,0.0134826212827,-0.00420751048061,0.0354168175998,0.0201293103448,0.000405182970654,27.6736695771,-0.0476088134773,7.29471797437
2013-05-25 15:30:24,57.488998333333335,-52.54322033333333,197.3,3.892,34.84,0.0657,2.0976,0.78550787811,0.0132539017146,-0.00433423384733,0.0359847523171,0.0201293103448,0.000483009407688,27.673603648,2.70915923911,8.58254186888
2013-05-25 15:30:24,57.488998333333335,-52.54322033333333,197.7,3.892,34.84,0.0657,2.0976,0.78550787811,0.0132539017146,-0.00433423384733,0.0359847523171,0.0201293103448,0.000483009407688,27.6736085297,2.70915923911,8.58254186888
2013-05-25 15:30:24,57.488998333333335,-52.54322033333333,198.6,3.897,34.842,0.073,2.0102,0.793080558222,0.014039121518,-0.00397027254989,0.0355935206718,0.023275862069,0.000405218506477,27.6746966785,-0.046350063575,7.29530599925
2013-05-25 15:30:24,57.488998333333335,-52.54322033333333,199.5,3.907,34.844,0.0584,2.185,0.76941061226,0.0133683460218,-0.00384914858774,0.0359115862014,0.0169827586207,0.000427457242263,27.6752696273,0.741390435453,7.66329888729
2013-05-25 15:30:24,57.488998333333335,-52.54322033333333,200.5,3.933,34.847,0.0657,2.0102,0.770227084158,0.0133218583047,-0.0036982593697,0.0356288612862,0.0201293103448,0.000360810860812,27.6749865988,-1.61935768833,6.56047565924
2013-05-25 15:30:24,57.488998333333335,-52.54322033333333,201.5,3.963,34.851,0.0657,2.0102,0.775957865582,0.0138861346671,-0.00305432784346,0.0363685293017,0.0201293103448,0.000549779848555,27.6750760913,5.07430179551,9.68741795565
2013-05-25 15:30:24,57.488998333333335,-52.54322033333333,201.8,3.963,34.851,0.0657,2.0102,0.775957865582,0.0138861346671,-0.00305432784346,0.0363685293017,0.0201293103448,0.000549779848555,27.6750797914,5.07430179551,9.68741795565
2013-05-25 15:30:24,57.488998333333335,-52.54322033333333,202.7,3.991,34.855,0.0803,1.9228,0.782218773309,0.0139246772108,-0.00361485771206,0.0363105486061,0.0264224137931,0.000383112679433,27.6753628436,-0.829382669116,6.92951240314
2013-05-25 15:30:24,57.488998333333335,-52.54322033333333,203.6,4.0,34.856,0.0657,2.0102,0.786003178598,0.0128427812492,-0.00278761936234,0.0359317413955,0.0201293103448,0.000372011215965,27.6752300592,-1.22261870809,6.74581223051
2013-05-25 15:30:24,57.488998333333335,-52.54322033333333,204.0,4.0,34.856,0.0657,2.0102,0.786003178598,0.0128427812492,-0.00278761936234,0.0359317413955,0.0201293103448,0.000372011215965,27.6752338409,-1.22261870809,6.74581223051
2013-05-25 15:30:24,57.488998333333335,-52.54322033333333,204.8,4.006,34.857,0.0584,2.0102,0.776205515826,0.0135862466303,-0.00474652684742,0.0356945727411,0.0169827586207,0.000372018578812,27.6754118075,-1.2223579013,6.74593406637
2013-05-25 15:30:24,57.488998333333335,-52.54322033333333,205.4,4.002,34.857,0.0657,2.0102,0.776205515826,0.0135862466303,-0.00474652684742,0.0356945727411,0.0201293103448,0.000360898785943,27.6758342131,-1.61624320432,6.56193059011
2013-05-25 15:30:24,57.488998333333335,-52.54322033333333,206.1,3.994,34.857,0.0657,2.0102,0.783387372897,0.013777945071,-0.00462776052931,0.0366208833763,0.0201293103448,0.000360886255204,27.6766737076,-1.61668706816,6.56172323916
2013-05-25 15:30:24,57.488998333333335,-52.54322033333333,207.0,3.994,34.857,0.0584,2.0102,0.793010906591,0.0140746212292,-0.00383028743549,0.0355178696691,0.0169827586207,0.00033865919594,27.6766822117,-2.40401396141,6.19392356702
2013-05-25 15:30:24,57.488998333333335,-52.54322033333333,207.6,4.012,34.859,0.073,2.0976,0.793010906591,0.0140746212292,-0.00383028743549,0.0355178696691,0.023275862069,0.000338683317568,27.6764036869,-2.40315952511,6.19432271685
2013-05-25 15:30:24,57.488998333333335,-52.54322033333333,208.3,4.021,34.859,0.073,2.0976,0.78844485522,0.0132400399226,-0.00415623172291,0.0364745511449,0.023275862069,0.000338697400209,27.6754713527,-2.4026606898,6.19455574771
2013-05-25 15:30:24,57.488998333333335,-52.54322033333333,209.2,4.013,34.859,0.0511,2.0102,0.78034591834,0.0144718799026,-0.00345306439037,0.0356440467065,0.0138362068966,0.000316457823397,27.6763145785,-3.19043097963,5.8265489429
2013-05-25 15:30:24,57.488998333333335,-52.54322033333333,209.6,4.013,34.859,0.0511,2.0102,0.78034591834,0.0144718799026,-0.00345306439037,0.0356440467065,0.0138362068966,0.000316457823397,27.6763183729,-3.19043097963,5.8265489429
2013-05-25 15:30:24,57.488998333333335,-52.54322033333333,210.5,4.009,34.858,0.0511,2.0102,0.783317721266,0.0135042592019,-0.00398913370214,0.0365731183272,0.0138362068966,0.000472043009655,27.6759485524,2.32070748799,8.4010766758
2013-05-25 15:30:24,57.488998333333335,-52.54322033333333,211.4,4.007,34.857,0.073,2.185,0.783209374284,0.013356005646,-0.00393814964995,0.0353259811768,0.023275862069,0.000327566025872,27.6753701191,-2.79695623157,6.01036062845
2013-05-25 15:30:24,57.488998333333335,-52.54322033333333,212.3,4.004,34.857,0.0584,1.9228,0.779920269483,0.0134795784503,-0.00398648135261,0.0366791401704,0.0169827586207,0.000316447799211,27.6756912131,-3.19078605633,5.82638306885
2013-05-25 15:30:24,57.488998333333335,-52.54322033333333,212.7,4.004,34.857,0.0584,1.9228,0.779920269483,0.0134795784503,-0.00398648135261,0.0366791401704,0.0169827586207,0.000316447799211,27.6756950031,-3.19078605633,5.82638306885
2013-05-25 15:30:24,57.488998333333335,-52.54322033333333,213.6,3.989,34.856,0.0657,1.9228,0.785473052294,0.0129416733019,-0.00373067697514,0.0356238915123,0.0201293103448,0.000360880453359,27.6764692517,-1.61689258111,6.56162723381
2013-05-25 15:30:24,57.488998333333335,-52.54322033333333,214.7,3.963,34.853,0.073,1.9228,0.77776106892,0.0139231557946,-0.00321052176058,0.036229651731,0.023275862069,0.000705365196649,27.6767926603,10.5854459957,12.2619483665
2013-05-25 15:30:24,57.488998333333335,-52.54322033333333,215.6,3.961,34.85,0.0584,2.0102,0.784447625503,0.0136310438849,-0.00216520133789,0.0367117197993,0.0169827586207,0.000449756976469,27.6746218382,1.5312916205,8.03230113956
2013-05-25 15:30:24,57.488998333333335,-52.54322033333333,216.0,3.941,34.848,0.0584,2.0102,0.784447625503,0.0136310438849,-0.00216520133789,0.0367117197993,0.0169827586207,0.000449729636528,27.6751047332,1.53032318511,8.03184873508
2013-05-25 15:30:24,57.488998333333335,-52.54322033333333,216.9,3.941,34.848,0.0584,2.185,0.777830720551,0.0135661301272,-0.00392989789584,0.0354775592808,0.0169827586207,0.000438616106896,27.675113168,1.13665973848,7.84794889901
2013-05-25 15:30:24,57.488998333333335,-52.54322033333333,217.5,3.924,34.847,0.0511,1.9228,0.777830720551,0.0135661301272,-0.00392989789584,0.0354775592808,0.0138362068966,0.000349683180214,27.6760790462,-2.01352239046,6.37634166172
2013-05-25 15:30:24,57.488998333333335,-52.54322033333333,218.2,3.92,34.845,0.0511,1.9228,0.78550787811,0.0138428588287,-0.00324559171555,0.0361009898067,0.0138362068966,0.00034968095732,27.6749069369,-2.01360112981,6.37630487864
2013-05-25 15:30:24,57.488998333333335,-52.54322033333333,219.1,3.92,34.845,0.0584,2.0976,0.781723472821,0.0140977805646,-0.00311886834883,0.0365074068723,0.0169827586207,0.000338567427688,27.674915342,-2.40726457643,6.19240504257
2013-05-25 15:30:24,57.488998333333335,-52.54322033333333,219.6,3.891,34.842,0.0584,2.0976,0.781723472821,0.0140977805646,-0.00311886834883,0.0365074068723,0.0169827586207,0.000338527876853,27.6755185348,-2.40866554611,6.19175057974
2013-05-25 15:30:24,57.488998333333335,-52.54322033333333,220.3,3.874,34.842,0.0584,1.9228,0.777374115414,0.0139911123847,-0.003757495176,0.0367092349124,0.0169827586207,0.000394068727397,27.6772704562,-0.441297538158,7.11080632966
2013-05-25 15:30:24,57.488998333333335,-52.54322033333333,221.3,3.865,34.842,0.0876,2.0102,0.782501249368,0.0138705824127,-0.00416183112749,0.0354598889736,0.0295689655172,0.00117200160423,27.6782023566,27.1146408251,19.9835599248
2013-05-25 15:30:24,57.488998333333335,-52.54322033333333,221.6,3.865,34.842,0.0876,2.0102,0.782501249368,0.0138705824127,-0.00416183112749,0.0354598889736,0.0295689655172,0.00117200160423,27.6782051318,27.1146408251,19.9835599248
2013-05-25 15:30:24,57.488998333333335,-52.54322033333333,222.6,3.864,34.842,0.0657,2.0976,0.774967264606,0.0134903974099,-0.00319991236243,0.0356691716745,0.0201293103448,0.000382939422423,27.6783168368,-0.835519778943,6.92664545296
2013-05-25 15:30:24,57.488998333333335,-52.54322033333333,223.6,3.86,34.84,0.2555,2.0976,0.775710215338,0.014039121518,-0.00435574734912,0.0359066164275,0.101939655172,0.000394050710759,27.6771441658,-0.441935723505,7.11050820144
2013-05-25 15:30:24,57.488998333333335,-52.54322033333333,224.3,3.859,34.842,0.0657,2.0102,0.775710215338,0.014039121518,-0.00435574734912,0.0359066164275,0.0201293103448,0.000360704472143,27.6788446392,-1.62312618776,6.55871520515
2013-05-25 15:30:24,57.488998333333335,-52.54322033333333,224.9,3.859,34.842,0.0657,2.0102,0.772842889859,0.0137284145215,-0.00298153558397,0.0366614698632,0.0201293103448,0.000360704472143,27.6788501866,-1.62312618776,6.55871520515
2013-05-25 15:30:24,57.488998333333335,-52.54322033333333,225.8,3.861,34.843,0.0657,2.0102,0.765695858603,0.0144595395268,-0.00268506184694,0.0362826626526,0.0201293103448,0.000416273241366,27.6794495233,0.345230755676,7.47823293617
2013-05-25 15:30:24,57.488998333333335,-52.54322033333333,226.7,3.852,34.842,0.0803,2.0976,0.782361946106,0.0137175955619,-0.00342889853904,0.0351567327657,0.0264224137931,0.000349579891341,27.679583207,-2.01718108891,6.37463250114
2013-05-25 15:30:24,57.488998333333335,-52.54322033333333,227.1,3.852,34.842,0.0803,2.0976,0.782361946106,0.0137175955619,-0.00342889853904,0.0351567327657,0.0264224137931,0.000349579891341,27.679586902,-2.01718108891,6.37463250114
2013-05-25 15:30:24,57.488998333333335,-52.54322033333333,228.0,3.845,34.842,0.073,1.9228,0.767607408922,0.0139694744654,-0.00353116134893,0.0362119814238,0.023275862069,0.000405136483959,27.6803109926,-0.049255465198,7.2939487412
2013-05-25 15:30:24,57.488998333333335,-52.54322033333333,228.4,3.844,34.841,0.073,1.9228,0.767607408922,0.0139694744654,-0.00353116134893,0.0362119814238,0.023275862069,0.000405136940207,27.679621039,-0.0492393039707,7.29395629092
2013-05-25 15:30:24,57.488998333333335,-52.54322033333333,229.4,3.844,34.841,0.0803,2.0976,0.783704674772,0.0140127503039,-0.00328331402006,0.0363558287684,0.0264224137931,0.000438477529104,27.6796302659,1.1317510359,7.84565579913
2013-05-25 15:30:24,57.488998333333335,-52.54322033333333,230.2,3.845,34.842,0.0584,2.0976,0.777830720551,0.013678883972,-0.00330747987139,0.0372368592414,0.0169827586207,0.000360682365431,27.6803312969,-1.6239092517,6.55834939691
2013-05-25 15:30:24,57.488998333333335,-52.54322033333333,230.7,3.845,34.842,0.0584,2.0976,0.777830720551,0.013678883972,-0.00330747987139,0.0372368592414,0.0169827586207,0.000360682365431,27.6803359126,-1.6239092517,6.55834939691
2013-05-25 15:30:24,57.488998333333335,-52.54322033333333,231.6,3.847,34.843,0.0584,2.0976,0.781723472821,0.0138906989157,-0.0034557167399,0.0356465315934,0.0169827586207,0.000394024077616,27.6809356295,-0.44287912269,7.11006749262
2013-05-25 15:30:24,57.488998333333335,-52.54322033333333,232.5,3.85,34.843,0.0657,1.8354,0.765943508847,0.0142044487446,-0.00430712094096,0.0355101389097,0.0201293103448,0.00042736940466,27.6806371964,0.738279051866,7.66184540479
2013-05-25 15:30:24,57.488998333333335,-52.54322033333333,233.5,3.855,34.844,0.0657,2.0976,0.774967264606,0.0140066646391,-0.00385710563635,0.0352528150611,0.0201293103448,0.000360694086295,27.6809307887,-1.62349407526,6.55854334654
2013-05-25 15:30:24,57.488998333333335,-52.54322033333333,233.9,3.855,34.844,0.0657,2.0976,0.774967264606,0.0140066646391,-0.00385710563635,0.0352528150611,0.0201293103448,0.000360694086295,27.6809344902,-1.62349407526,6.55854334654
2013-05-25 15:30:24,57.488998333333335,-52.54322033333333,234.8,3.86,34.844,0.0657,2.0102,0.769553785058,0.0138922203319,-0.00364963296154,0.0356515013673,0.0201293103448,0.000349588449658,27.680431044,-2.01687793621,6.37477411889
2013-05-25 15:30:24,57.488998333333335,-52.54322033333333,235.7,3.861,34.845,0.0657,2.0102,0.780485221602,0.0139988885119,-0.00317279945606,0.0356515013673,0.0201293103448,0.000416269170223,27.6811328008,0.34508654765,7.47816556941
2013-05-25 15:30:24,57.488998333333335,-52.54322033333333,236.1,3.861,34.845,0.0657,2.0102,0.780485221602,0.0139988885119,-0.00317279945606,0.0356515013673,0.0201293103448,0.000416269170223,27.6811365078,0.34508654765,7.47816556941
2013-05-25 15:30:24,57.488998333333335,-52.54322033333333,237.0,3.861,34.845,0.0803,2.0102,0.782714073797,0.0137671261114,-0.00440702610682,0.0360681340793,0.0264224137931,0.000360701522063,27.6811448495,-1.62323068548,6.55866638905
2013-05-25 15:30:24,57.488998333333335,-52.54322033333333,237.7,3.858,34.845,0.0584,2.0102,0.782714073797,0.0137671261114,-0.00440702610682,0.0360681340793,0.0169827586207,0.000405150905271,27.6814584686,-0.0487446334965,7.29418737617
2013-05-25 15:30:24,57.488998333333335,-52.54322033333333,238.4,3.857,34.845,0.0584,2.0102,0.774967264606,0.0138026258226,-0.00396762020035,0.0362423522643,0.0169827586207,0.000405149326652,27.6815673065,-0.0488005513244,7.29416125417
2013-05-25 15:30:24,57.488998333333335,-52.54322033333333,239.3,3.86,34.846,0.073,1.9228,0.76619115909,0.0137762546085,-0.00363637121386,0.0360731038531,0.023275862069,0.000371811437792,27.6820643712,-1.22969525052,6.74250642449
2013-05-25 15:30:24,57.488998333333335,-52.54322033333333,240.4,3.863,34.846,0.0511,2.0976,0.766086681644,0.0135815133354,-0.00318900825878,0.0356087060921,0.0138362068966,0.000371816172636,27.6817673744,-1.22952753288,6.74258477376
2013-05-25 15:30:24,57.488998333333335,-52.54322033333333,241.3,3.864,34.846,0.0584,1.9228,0.786711303514,0.0137995829902,-0.00377900867779,0.0360907741604,0.0169827586207,0.000349590691475,27.6816733042,-2.01679852658,6.37481121509
2013-05-25 15:30:24,57.488998333333335,-52.54322033333333,241.8,3.864,34.846,0.0584,1.9228,0.786711303514,0.0137995829902,-0.00377900867779,0.0360907741604,0.0169827586207,0.000349590691475,27.681677945,-2.01679852658,6.37481121509
2013-05-25 15:30:24,57.488998333333335,-52.54322033333333,242.6,3.863,34.847,0.0657,1.9228,0.771925810049,0.0135429707918,-0.00393549730042,0.0357299133555,0.0201293103448,0.000349587077905,27.6825835961,-2.01692652646,6.37475141996
2013-05-25 15:30:24,57.488998333333335,-52.54322033333333,243.4,3.863,34.847,0.0511,2.0102,0.771925810049,0.0135429707918,-0.00393549730042,0.0357299133555,0.0138362068966,0.000327360018641,27.6825910221,-2.80425341971,6.00695174781
2013-05-25 15:30:24,57.488998333333335,-52.54322033333333,244.0,3.863,34.847,0.0511,2.0102,0.770083911361,0.013544492208,-0.0047813020969,0.0356037363181,0.0138362068966,0.000327360018641,27.6825965923,-2.80425341971,6.00695174781
2013-05-25 15:30:24,57.488998333333335,-52.54322033333333,244.9,3.86,34.846,0.0511,2.0976,0.768667661529,0.0132956561368,-0.00279027171187,0.0362851475395,0.0138362068966,0.000327357319264,27.6821163156,-2.80434903702,6.0069070802
2013-05-25 15:30:24,57.488998333333335,-52.54322033333333,245.6,3.858,34.847,0.0511,2.185,0.768667661529,0.0132956561368,-0.00279027171187,0.0362851475395,0.0138362068966,0.000349579185955,27.6831233535,-2.0172060751,6.37462082884
2013-05-25 15:30:24,57.488998333333335,-52.54322033333333,246.3,3.857,34.847,0.0511,2.185,0.76194627913,0.01383964695,-0.00373067697514,0.0354874988286,0.0138362068966,0.000349577607297,27.6832321927,-2.01726199432,6.37459470618
2013-05-25 15:30:24,57.488998333333335,-52.54322033333333,247.2,3.859,34.847,0.0657,1.9228,0.761733454701,0.0138690609965,-0.00421281517968,0.0376181513389,0.0201293103448,0.000360694294155,27.6830358463,-1.62348671243,6.55854678609
2013-05-25 15:30:24,57.488998333333335,-52.54322033333333,247.6,3.859,34.847,0.0657,1.9228,0.761733454701,0.0138690609965,-0.00421281517968,0.0376181513389,0.0201293103448,0.000360694294155,27.6830395593,-1.62348671243,6.55854678609
2013-05-25 15:30:24,57.488998333333335,-52.54322033333333,248.5,3.858,34.848,0.0511,2.0976,0.765591381156,0.0135723848383,-0.00462245583024,0.0358964007812,0.0138362068966,0.000338463620784,27.6839460891,-2.41094162459,6.19068730992
2013-05-25 15:30:24,57.488998333333335,-52.54322033333333,249.7,3.858,34.848,0.0511,2.0976,0.764035828062,0.0140560261424,-0.00373332932467,0.036050463772,0.0138362068966,0.000338463620784,27.68395723,-2.41094162459,6.19068730992
2013-05-25 15:30:24,57.488998333333335,-52.54322033333333,257.1,3.853,34.848,0.0584,1.9228,nan,nan,nan,nan,0.0169827586207,0.00036068278577,27.6845424688,-1.62389436245,6.55835635242
2013-05-25 15:30:24,57.488998333333335,-52.54322033333333,268.6,3.844,34.849,0.0584,1.9228,nan,nan,nan,nan,0.0169827586207,0.000293985356869,27.6863762657,-3.98645068898,5.45468842266
2013-05-25 15:30:24,57.488998333333335,-52.54322033333333,280.2,3.818,34.85,0.0511,2.185,nan,nan,nan,nan,0.0138362068966,0.000260601624087,27.6899427931,-5.16896927158,4.90227499603
2013-05-25 15:30:24,57.488998333333335,-52.54322033333333,292.1,3.818,34.851,0.0365,2.0976,nan,nan,nan,nan,0.00754310344828,0.000260599587845,27.690860701,-5.16904139934,4.90224130155
2013-05-25 15:30:24,57.488998333333335,-52.54322033333333,304.2,3.819,34.853,0.0657,2.185,nan,nan,nan,nan,0.0201293103448,0.000227256508801,27.6924734543,-6.35011994527,4.35050058789
2013-05-25 15:30:24,57.488998333333335,-52.54322033333333,315.1,3.821,34.854,0.0365,1.9228,nan,nan,nan,nan,0.00754310344828,0.000216144107309,27.6931634711,-6.7437434309,4.16661941959
2013-05-25 15:30:24,57.488998333333335,-52.54322033333333,324.8,3.821,34.856,0.0511,2.0102,nan,nan,nan,nan,0.0138362068966,0.000227253564809,27.6948424834,-6.35022422734,4.35045187253
2013-05-25 15:30:24,57.488998333333335,-52.54322033333333,332.8,3.821,34.856,0.0438,2.0976,nan,nan,nan,nan,0.0106896551724,0.000227253564809,27.6949144323,-6.35022422734,4.35045187253
2013-05-25 15:30:24,57.488998333333335,-52.54322033333333,341.2,3.81,34.856,0.0292,2.185,nan,nan,nan,nan,0.00439655172414,0.000249463215655,27.6961088955,-5.56351397508,4.7179634809
2013-05-25 15:30:24,57.488998333333335,-52.54322033333333,349.6,3.811,34.856,0.0292,2.0976,nan,nan,nan,nan,0.00439655172414,0.000238351269053,27.696082863,-5.95712134761,4.53408983984
2013-05-25 15:30:24,57.488998333333335,-52.54322033333333,358.2,3.799,34.855,0.0365,1.9228,nan,nan,nan,nan,0.00754310344828,0.000227220773643,27.6965823419,-6.35138575603,4.34990926453
2013-05-25 15:30:24,57.488998333333335,-52.54322033333333,366.8,3.784,34.854,0.0511,1.9228,nan,nan,nan,nan,0.0138362068966,0.000204971980545,27.6973832566,-7.13948250513,3.98174995431
2013-05-25 15:30:24,57.488998333333335,-52.54322033333333,375.7,3.773,34.854,0.0365,1.9228,nan,nan,nan,nan,0.00754310344828,0.000216068065804,27.6985753853,-6.74643697308,4.16536113165
2013-05-25 15:30:24,57.488998333333335,-52.54322033333333,385.0,3.766,34.854,0.0365,2.0102,nan,nan,nan,nan,0.00754310344828,0.000260511077732,27.6993653303,-5.17217660459,4.90077669076
2013-05-25 15:30:24,57.488998333333335,-52.54322033333333,395.0,3.763,34.854,0.0584,2.0102,nan,nan,nan,nan,0.0169827586207,0.000282733375682,27.6997569396,-4.3850183666,5.26849757562
2013-05-25 15:30:24,57.488998333333335,-52.54322033333333,404.9,3.761,34.855,0.0584,2.0976,nan,nan,nan,nan,0.0169827586207,0.000249387574876,27.7008423439,-5.56619332274,4.71671182393
2013-05-25 15:30:24,57.488998333333335,-52.54322033333333,415.1,3.749,34.854,0.0438,2.0976,nan,nan,nan,nan,0.0106896551724,0.000171575849246,27.7013417969,-8.322440268,3.42913136466
2013-05-25 15:30:24,57.488998333333335,-52.54322033333333,425.2,3.745,34.854,0.0511,2.0102,nan,nan,nan,nan,0.0138362068966,0.000193796553826,27.7018291812,-7.53533847037,3.7968258834
2013-05-25 15:30:24,57.488998333333335,-52.54322033333333,435.2,3.741,34.854,0.0365,2.185,nan,nan,nan,nan,0.00754310344828,0.000193790197709,27.7023155564,-7.53556361674,3.7967207063
2013-05-25 15:30:24,57.488998333333335,-52.54322033333333,445.0,3.741,34.855,0.0292,2.0976,nan,nan,nan,nan,0.00439655172414,0.0001715611008,27.7031938219,-8.32296268746,3.42888731646
2013-05-25 15:30:24,57.488998333333335,-52.54322033333333,455.1,3.742,34.855,0.0365,2.0102,nan,nan,nan,nan,0.00754310344828,0.000216016808511,27.7031778972,-6.74825260891,4.16451295757
2013-05-25 15:30:24,57.488998333333335,-52.54322033333333,465.0,3.741,34.855,0.0511,2.0976,nan,nan,nan,nan,0.0138362068966,0.00022712874896,27.7033617147,-6.35464545433,4.34838649682
2013-05-25 15:30:24,57.488998333333335,-52.54322033333333,475.4,3.738,34.855,0.0438,2.185,nan,nan,nan,nan,0.0106896551724,0.000182669862345,27.7037509892,-7.929468136,3.61270825317
2013-05-25 15:30:24,57.488998333333335,-52.54322033333333,486.4,3.745,34.856,0.0438,2.0976,nan,nan,nan,nan,0.0106896551724,0.000238246597247,27.7039358409,-5.96082903232,4.53235779533
2013-05-25 15:30:24,57.488998333333335,-52.54322033333333,497.6,3.765,34.86,0.0511,2.0976,nan,nan,nan,nan,0.0138362068966,0.000216043149531,27.7052006998,-6.74731955731,4.16494883253
2013-05-25 15:30:24,57.488998333333335,-52.54322033333333,508.9,3.757,34.86,0.0365,2.0102,nan,nan,nan,nan,0.00754310344828,0.000182689860352,27.7061007234,-7.92875976662,3.61303916786
2013-05-25 15:30:24,57.488998333333335,-52.54322033333333,520.5,3.739,34.858,0.0438,2.0102,nan,nan,nan,nan,0.0106896551724,0.000182665338901,27.7064107559,-7.92962836546,3.612633402
2013-05-25 15:30:24,57.488998333333335,-52.54322033333333,532.3,3.734,34.857,0.0511,2.185,nan,nan,nan,nan,0.0138362068966,0.000171545898524,27.706209607,-8.32350118249,3.42863575857
2013-05-25 15:30:24,57.488998333333335,-52.54322033333333,544.1,3.728,34.857,0.0292,2.0976,nan,nan,nan,nan,0.00439655172414,0.000182649887179,27.7069047618,-7.93017569635,3.61237771644
2013-05-25 15:30:24,57.488998333333335,-52.54322033333333,555.1,3.723,34.856,0.0292,2.185,nan,nan,nan,nan,0.00439655172414,0.000193757501479,27.7066965908,-7.5367217826,3.79617966925
2013-05-25 15:30:24,57.488998333333335,-52.54322033333333,565.0,3.713,34.855,0.0365,2.0976,nan,nan,nan,nan,0.00754310344828,0.000193743626568,27.7069801126,-7.53721325973,3.79595007576
2013-05-25 15:30:24,57.488998333333335,-52.54322033333333,575.1,3.695,34.853,0.0365,2.185,nan,nan,nan,nan,0.00754310344828,0.000204832567542,27.7072667833,-7.14442079252,3.97944303389
2013-05-25 15:30:24,57.488998333333335,-52.54322033333333,585.2,3.684,34.851,0.0365,2.185,nan,nan,nan,nan,0.00754310344828,0.000204819113354,27.7068511623,-7.14489736678,3.97922040228
2013-05-25 15:30:24,57.488998333333335,-52.54322033333333,595.1,3.671,34.85,0.0438,1.9228,nan,nan,nan,nan,0.0106896551724,0.000171459830643,27.7074277518,-8.32654987896,3.42721156034
2013-05-25 15:30:24,57.488998333333335,-52.54322033333333,605.3,3.665,34.849,0.0438,2.0102,nan,nan,nan,nan,0.0106896551724,0.000193679355129,27.7073084115,-7.5394898826,3.79488655163
2013-05-25 15:30:24,57.488998333333335,-52.54322033333333,614.9,3.657,34.848,0.0292,2.0102,nan,nan,nan,nan,0.00439655172414,0.000182555094686,27.7073813837,-7.93353343605,3.6108091487
2013-05-25 15:30:24,57.488998333333335,-52.54322033333333,624.9,3.648,34.847,0.0438,2.0102,nan,nan,nan,nan,0.0106896551724,0.000171429231471,27.7075556419,-8.32763376284,3.42670522411
2013-05-25 15:30:24,57.488998333333335,-52.54322033333333,634.9,3.641,34.846,0.0438,2.0976,nan,nan,nan,nan,0.0106896551724,0.000182533616846,27.7075305211,-7.93429422409,3.61045374665
2013-05-25 15:30:24,57.488998333333335,-52.54322033333333,644.9,3.633,34.845,0.0365,2.0976,nan,nan,nan,nan,0.00754310344828,0.000182522869815,27.707603686,-7.9346749054,3.61027591142
2013-05-25 15:30:24,57.488998333333335,-52.54322033333333,655.0,3.624,34.844,0.0438,2.185,nan,nan,nan,nan,0.0106896551724,0.000204737577178,27.7077755643,-7.14778554122,3.97787119191
2013-05-25 15:30:24,57.488998333333335,-52.54322033333333,665.1,3.613,34.843,0.0438,2.0976,nan,nan,nan,nan,0.0106896551724,0.000193608487972,27.708143728,-7.54200013907,3.7937138856
2013-05-25 15:30:24,57.488998333333335,-52.54322033333333,675.1,3.61,34.843,0.0511,2.0976,nan,nan,nan,nan,0.0138362068966,0.000171376626873,27.7085171072,-8.32949712291,3.42583475566
2013-05-25 15:30:24,57.488998333333335,-52.54322033333333,685.1,3.612,34.844,0.0511,2.0976,nan,nan,nan,nan,0.0138362068966,0.000193604846982,27.7091938565,-7.54212911022,3.79365363674
2013-05-25 15:30:24,57.488998333333335,-52.54322033333333,695.1,3.611,34.844,0.0511,2.0976,nan,nan,nan,nan,0.0138362068966,0.000171376187086,27.7093701108,-8.32951270103,3.42582747834
2013-05-25 15:30:24,57.488998333333335,-52.54322033333333,705.2,3.61,34.844,0.0438,2.0976,nan,nan,nan,nan,0.0106896551724,0.000171374586365,27.709547242,-8.32956940177,3.42580099059
2013-05-25 15:30:24,57.488998333333335,-52.54322033333333,715.4,3.611,34.844,0.0365,2.0976,nan,nan,nan,nan,0.00754310344828,0.000149149127822,27.7095281905,-9.11683959428,3.0580278062
2013-05-25 15:30:24,57.488998333333335,-52.54322033333333,725.8,3.598,34.842,0.0511,2.0976,nan,nan,nan,nan,0.0138362068966,0.00016024592258,27.7092968445,-8.72376893036,3.24165072389
2013-05-25 15:30:24,57.488998333333335,-52.54322033333333,736.3,3.604,34.844,0.0438,2.0102,nan,nan,nan,nan,0.0106896551724,0.000160251450518,27.710381534,-8.72357311975,3.24174219679
2013-05-25 15:30:24,57.488998333333335,-52.54322033333333,747.1,3.612,34.845,0.0511,2.0976,nan,nan,nan,nan,0.0138362068966,0.000149148688011,27.7104746598,-9.11685517326,3.05802052848
2013-05-25 15:30:24,57.488998333333335,-52.54322033333333,758.0,3.616,34.845,0.0365,2.0102,nan,nan,nan,nan,0.00754310344828,0.000193609208244,27.710166088,-7.54197462556,3.79372580423
2013-05-25 15:30:24,57.488998333333335,-52.54322033333333,769.0,3.623,34.847,0.0365,2.185,nan,nan,nan,nan,0.00754310344828,0.000160275738499,27.7111557961,-8.72271279088,3.24214409933
2013-05-25 15:30:24,57.488998333333335,-52.54322033333333,780.3,3.633,34.849,0.0365,2.0102,nan,nan,nan,nan,0.00754310344828,0.000171401180331,27.7118513888,-8.32862739032,3.42624105114
2013-05-25 15:30:24,57.488998333333335,-52.54322033333333,791.5,3.632,34.849,0.0438,2.2724,nan,nan,nan,nan,0.0106896551724,0.000160286051857,27.7120392089,-8.72234747114,3.24231475841
2013-05-25 15:30:24,57.488998333333335,-52.54322033333333,802.8,3.635,34.849,0.0438,2.185,nan,nan,nan,nan,0.0106896551724,0.000171404377746,27.7118329851,-8.32851413147,3.42629396
2013-05-25 15:30:24,57.488998333333335,-52.54322033333333,814.1,3.629,34.849,0.0438,2.2724,nan,nan,nan,nan,0.0106896551724,0.000171394784422,27.7125159669,-8.3288539462,3.42613521559
2013-05-25 15:30:24,57.488998333333335,-52.54322033333333,825.3,3.631,34.849,0.0365,2.185,nan,nan,nan,nan,0.00754310344828,0.000160284452924,27.7124089821,-8.72240410852,3.24228830027
2013-05-25 15:30:24,57.488998333333335,-52.54322033333333,835.0,3.626,34.849,0.0365,1.9228,nan,nan,nan,nan,0.00754310344828,0.000160276456915,27.7129805862,-8.72268734316,3.24215598723
2013-05-25 15:30:24,57.488998333333335,-52.54322033333333,845.2,3.613,34.847,0.0438,2.185,nan,nan,nan,nan,0.0106896551724,0.000160259737438,27.7127503206,-8.72327958047,3.24187932364
2013-05-25 15:30:24,57.488998333333335,-52.54322033333333,855.2,3.609,34.847,0.0438,2.185,nan,nan,nan,nan,0.0106896551724,0.00276081926839,27.7132246975,83.3937401248,46.2743350125
2013-05-25 15:30:24,57.488998333333335,-52.54322033333333,865.2,3.589,34.844,0.0438,2.185,nan,nan,nan,nan,0.0106896551724,0.00276079335471,27.7128797794,83.3928222104,46.2739062089
2013-05-25 15:30:24,57.488998333333335,-52.54322033333333,875.1,3.611,34.847,0.0511,2.185,nan,nan,nan,nan,0.0138362068966,0.000204710654675,27.7131891546,-7.1487391901,3.97742569494
2013-05-25 15:30:24,57.488998333333335,-52.54322033333333,885.0,3.601,34.846,0.0438,2.0976,nan,nan,nan,nan,0.0106896551724,0.000182469624168,27.7134555679,-7.93656097271,3.60939483528
2013-05-25 15:30:24,57.488998333333335,-52.54322033333333,896.7,3.587,34.844,0.0511,2.0102,nan,nan,nan,nan,0.0138362068966,0.000137997156062,27.7133305224,-9.51186473796,2.87349185349
2013-05-25 15:30:24,57.488998333333335,-52.54322033333333,909.3,3.596,34.845,0.0365,2.0976,nan,nan,nan,nan,0.00754310344828,0.000204690714966,27.7133470469,-7.14944549449,3.97709574492
2013-05-25 15:30:24,57.488998333333335,-52.54322033333333,921.9,3.588,34.844,0.0511,2.185,nan,nan,nan,nan,0.0138362068966,0.000149112288484,27.7134377616,-9.11814451732,3.05741821154
2013-05-25 15:30:24,57.488998333333335,-52.54322033333333,934.9,3.595,34.846,0.0584,2.0102,nan,nan,nan,nan,0.0169827586207,0.000160232953596,27.7144517961,-8.72422831771,3.24143612114
2013-05-25 15:30:24,57.488998333333335,-52.54322033333333,945.0,3.599,34.846,0.0438,2.185,nan,nan,nan,nan,0.0106896551724,0.000160239361495,27.7141425847,-8.72400133713,3.24154215509
2013-05-25 15:30:24,57.488998333333335,-52.54322033333333,954.9,3.598,34.846,0.0292,2.0976,nan,nan,nan,nan,0.00439655172414,0.000160237759655,27.7143222624,-8.72405807749,3.24151564884
2013-05-25 15:30:24,57.488998333333335,-52.54322033333333,964.9,3.611,34.848,0.0292,2.0976,nan,nan,nan,nan,0.00439655172414,0.000160254495763,27.7147227898,-8.72346525107,3.24179258764
2013-05-25 15:30:24,57.488998333333335,-52.54322033333333,973.5,3.633,34.852,0.0511,2.0976,nan,nan,nan,nan,0.0138362068966,0.000171395060716,27.7158179257,-8.32884415933,3.42613978752
